Date, Close/Last, Volume, Open, High, Low
03/24/2021, $13.33, 26635, $13.48, $13.49, $13.33
03/23/2021, $13.37, 13312, $13.43, $13.48, $13.35
03/22/2021, $13.42, 11267, $13.58, $13.6, $13.42
03/19/2021, $13.58, 18939, $13.59, $13.62, $13.55
03/18/2021, $13.53, 14518, $13.485, $13.6, $13.485
03/17/2021, $13.55, 19400, $13.43, $13.6, $13.4264
03/16/2021, $13.55, 26388, $13.55, $13.6, $13.47
03/15/2021, $13.6, 41845, $13.58, $13.6102, $13.505
03/12/2021, $13.41, 23875, $13.61, $13.6896, $13.41
03/11/2021, $13.57, 28802, $13.52, $13.7391, $13.52
03/10/2021, $13.56, 18839, $13.51, $13.56, $13.4244
03/09/2021, $13.47, 31383, $13.37, $13.59, $13.36
03/08/2021, $13.33, 44645, $13.14, $13.34, $13.14
03/05/2021, $13.23, 47894, $13.13, $13.25, $13.08
03/04/2021, $13.18, 28625, $13.31, $13.3487, $13.085
03/03/2021, $13.25, 19702, $13.55, $13.55, $13.19
03/02/2021, $13.5, 33585, $13.6, $13.6003, $13.125
03/01/2021, $13.64, 38509, $13.52, $13.72, $13.42
02/26/2021, $13.46, 12462, $13.51, $13.57, $13.42
02/25/2021, $13.48, 59381, $13.91, $13.91, $13.42
02/24/2021, $13.59, 26677, $13.45, $13.61, $13.45
02/23/2021, $13.41, 28992, $13.5, $13.5, $13.2816
02/22/2021, $13.49, 58023, $13.46, $13.52, $13.361
02/19/2021, $13.39, 96889, $13.2, $13.52, $13.13
02/18/2021, $13.09, 17897, $13.05, $13.13, $12.9608
02/17/2021, $13.06, 43823, $13.06, $13.08, $12.9
02/16/2021, $13.07, 64442, $13, $13.09, $12.88
02/12/2021, $13.05, 18236, $12.99, $13.05, $12.96
02/11/2021, $13.01, 45359, $12.96, $13.0792, $12.91
02/10/2021, $13.02, 57657, $12.88, $13.1, $12.88
02/09/2021, $12.88, 37167, $12.73, $12.943, $12.73
02/08/2021, $12.71, 76589, $12.95, $12.95, $12.58
02/05/2021, $12.82, 62302, $12.88, $12.99, $12.67
02/04/2021, $12.83, 51481, $12.52, $13, $12.52
02/03/2021, $12.57, 42165, $12.48, $12.6, $12.48
02/02/2021, $12.53, 39106, $12.48, $12.5799, $12.45
02/01/2021, $12.46, 54773, $12.54, $12.54, $12.39
01/29/2021, $12.3, 33127, $12.49, $12.49, $12.27
01/28/2021, $12.44, 62923, $12.25, $12.451, $12.2487
01/27/2021, $12.25, 30008, $12.3, $12.325, $12.1999
01/26/2021, $12.35, 26121, $12.3, $12.3888, $12.3
01/25/2021, $12.27, 16047, $12.19, $12.28, $12.19
01/22/2021, $12.24, 50527, $12.23, $12.32, $12.1
01/21/2021, $12.18, 52976, $12.3, $12.32, $12.15
01/20/2021, $12.31, 18412, $12.2, $12.4027, $12.2
01/19/2021, $12.19, 38371, $12.07, $12.23, $12.07
01/15/2021, $12.16, 52872, $12.39, $12.39, $12.1
01/14/2021, $12.37, 29112, $12.26, $12.54, $12.22
01/13/2021, $12.34, 30352, $12.25, $12.54, $12.25
01/12/2021, $12.25, 23202, $12.28, $12.31, $12.25
01/11/2021, $12.32, 49562, $12.23, $12.52, $12.2
01/08/2021, $12.28, 50124, $12.2, $12.54, $12.2
01/07/2021, $12.26, 50432, $12.11, $12.3, $12.11
01/06/2021, $12.3, 23188, $12.25, $12.36, $12.06
01/05/2021, $12, 30698, $12.1, $12.13, $11.98
01/04/2021, $12.1, 36731, $12.13, $12.16, $11.94
12/31/2020, $12.19, 41950, $11.89, $12.19, $11.886
12/30/2020, $11.92, 39480, $11.9, $11.95, $11.87
12/29/2020, $11.85, 63489, $12.01, $12.08, $11.71
12/28/2020, $11.96, 55179, $11.9, $12.08, $11.8999
12/24/2020, $11.87, 12621, $11.88, $11.9, $11.85
12/23/2020, $11.88, 32998, $11.79, $11.9, $11.79
12/22/2020, $11.88, 22305, $11.86, $11.95, $11.85
12/21/2020, $11.91, 43343, $12, $12.0016, $11.72
12/18/2020, $12.1, 35983, $12.17, $12.21, $12.06
12/17/2020, $12.19, 26960, $12.12, $12.22, $12.11
12/16/2020, $12.1, 65551, $11.78, $12.13, $11.75
12/15/2020, $11.92, 50200, $11.78, $11.96, $11.74
12/14/2020, $11.81, 54548, $11.65, $11.9, $11.65
12/11/2020, $11.64, 42824, $11.65, $11.7399, $11.55
12/10/2020, $11.66, 46413, $11.8, $11.9, $11.61
12/09/2020, $11.85, 70293, $11.9, $11.93, $11.711
12/08/2020, $11.85, 45514, $11.8, $11.92, $11.74
12/07/2020, $11.72, 31223, $11.7, $11.83, $11.7
12/04/2020, $11.76, 60959, $11.56, $11.8, $11.55
12/03/2020, $11.52, 38572, $11.55, $11.55, $11.43
12/02/2020, $11.49, 58624, $11.5, $11.5094, $11.31
12/01/2020, $11.5, 24282, $11.62, $11.62, $11.5
11/30/2020, $11.52, 56185, $11.68, $11.76, $11.48
11/27/2020, $11.76, 19632, $11.81, $11.84, $11.51
11/25/2020, $11.78, 22170, $11.86, $11.949, $11.63
11/24/2020, $11.78, 28195, $11.67, $11.87, $11.585
11/23/2020, $11.6, 38241, $11.62, $11.62, $11.55
11/20/2020, $11.55, 34791, $11.43, $11.6, $11.42
11/19/2020, $11.49, 42297, $11.63, $11.67, $11.41
11/18/2020, $11.67, 65428, $11.57, $11.83, $11.41
11/17/2020, $11.39, 42852, $11.2, $11.39, $11.16
11/16/2020, $11.31, 60868, $11.25, $11.37, $11.21
11/13/2020, $11.23, 29574, $11.09, $11.25, $10.98
11/12/2020, $10.95, 74593, $10.93, $11.01, $10.8314
11/11/2020, $10.92, 89230, $10.69, $10.98, $10.66
11/10/2020, $10.61, 43202, $10.56, $10.72, $10.52
11/09/2020, $10.59, 48550, $10.55, $10.87, $10.51
11/06/2020, $10.35, 18785, $10.23, $10.3915, $10.23
11/05/2020, $10.23, 31019, $10.05, $10.31, $10.01
11/04/2020, $10, 25361, $10.01, $10.15, $9.98
11/03/2020, $9.94, 17198, $9.68, $9.9799, $9.68
11/02/2020, $9.69, 19427, $9.5, $9.77, $9.5
10/30/2020, $9.46, 63305, $9.75, $9.78, $9.39
10/29/2020, $9.7, 29791, $9.62, $9.8, $9.615
10/28/2020, $9.6, 31492, $9.95, $9.95, $9.52
10/27/2020, $10, 20277, $10.01, $10.0734, $10
10/26/2020, $10.04, 57612, $10.03, $10.16, $9.97
10/23/2020, $10.22, 21811, $10.35, $10.3642, $10.21
10/22/2020, $10.38, 31440, $10.41, $10.465, $10.3123
10/21/2020, $10.44, 15364, $10.46, $10.521, $10.3902
10/20/2020, $10.53, 30901, $10.41, $10.53, $10.38
10/19/2020, $10.35, 74396, $10.66, $10.67, $10.06
10/16/2020, $10.66, 18578, $10.72, $10.794, $10.65
10/15/2020, $10.72, 46960, $10.71, $10.86, $10.69
10/14/2020, $10.96, 49431, $10.93, $11, $10.88
10/13/2020, $10.95, 33880, $11.14, $11.14, $10.9146
10/12/2020, $11.11, 41544, $11.1, $11.22, $11.05
10/09/2020, $11.12, 30950, $11.11, $11.15, $11.02
10/08/2020, $11.08, 23311, $10.95, $11.08, $10.9
10/07/2020, $10.9, 21764, $10.87, $10.9305, $10.87
10/06/2020, $10.87, 64348, $10.8, $10.89, $10.65
10/05/2020, $10.75, 57779, $10.66, $10.83, $10.65
10/02/2020, $10.61, 67834, $10.75, $10.75, $10.56
10/01/2020, $10.73, 51919, $10.68, $10.8, $10.64
09/30/2020, $10.71, 36809, $10.79, $10.79, $10.69
09/29/2020, $10.69, 72087, $10.85, $10.93, $10.52
09/28/2020, $10.85, 109114, $11, $11.19, $10.85
09/25/2020, $10.92, 29387, $10.9, $10.98, $10.87
09/24/2020, $10.99, 22324, $10.96, $11.02, $10.92
09/23/2020, $10.95, 21318, $11.25, $11.255, $10.91
09/22/2020, $11.19, 35511, $11.03, $11.24, $11.03
09/21/2020, $11.06, 39001, $11.24, $11.24, $11
09/18/2020, $11.33, 18509, $11.37, $11.4433, $11.31
09/17/2020, $11.39, 22771, $11.47, $11.54, $11.31
09/16/2020, $11.52, 23391, $11.66, $11.7824, $11.51
09/15/2020, $11.65, 27077, $11.71, $11.71, $11.5929
09/14/2020, $11.73, 82421, $11.63, $11.76, $11.6
09/11/2020, $11.72, 29665, $11.77, $11.77, $11.68
09/10/2020, $11.68, 47148, $11.63, $11.84, $11.56
09/09/2020, $11.59, 42868, $11.38, $11.718, $11.38
09/08/2020, $11.44, 13775, $11.41, $11.44, $11.2968
09/04/2020, $11.51, 32752, $11.6, $11.6, $11.2506
09/03/2020, $11.5943, 11807, $11.68, $11.73, $11.57
09/02/2020, $11.67, 22361, $11.63, $11.73, $11.6001
09/01/2020, $11.66, 30388, $11.55, $11.66, $11.52
08/31/2020, $11.59, 29584, $11.53, $11.63, $11.53
08/28/2020, $11.64, 21050, $11.58, $11.655, $11.51
08/27/2020, $11.61, 79722, $11.5, $11.64, $11.5
08/26/2020, $11.57, 43712, $11.57, $11.66, $11.54
08/25/2020, $11.57, 34572, $11.65, $11.6627, $11.52
08/24/2020, $11.65, 46372, $11.7, $11.75, $11.61
08/21/2020, $11.74, 21444, $11.8, $11.8, $11.7
08/20/2020, $11.86, 12291, $11.81, $11.87, $11.8
08/19/2020, $11.86, 16499, $11.89, $11.92, $11.85
08/18/2020, $11.89, 28272, $11.86, $11.94, $11.86
08/17/2020, $11.95, 38559, $11.86, $11.95, $11.849
08/14/2020, $11.84, 13066, $11.75, $11.87, $11.71
08/13/2020, $11.78, 50783, $11.77, $11.84, $11.77
08/12/2020, $11.98, 27052, $12, $12.05, $11.935
08/11/2020, $11.92, 67725, $12.03, $12.08, $11.85
08/10/2020, $12.08, 45364, $11.95, $12.15, $11.95
08/07/2020, $11.95, 29566, $11.96, $12.07, $11.925
08/06/2020, $11.99, 23908, $11.93, $12.04, $11.89
08/05/2020, $12.04, 29985, $11.81, $12.0523, $11.81
08/04/2020, $11.77, 32629, $11.75, $11.8098, $11.6011
08/03/2020, $11.67, 28985, $11.61, $11.7132, $11.6
07/31/2020, $11.635, 22524, $11.57, $11.7235, $11.54
07/30/2020, $11.57, 16528, $11.65, $11.71, $11.55
07/29/2020, $11.7, 17365, $11.69, $11.7909, $11.6601
07/28/2020, $11.62, 30350, $11.58, $11.665, $11.575
07/27/2020, $11.65, 14007, $11.55, $11.68, $11.51
07/24/2020, $11.6, 39635, $11.62, $11.74, $11.46
07/23/2020, $11.6, 26456, $11.65, $11.6973, $11.56
07/22/2020, $11.65, 26712, $11.62, $11.72, $11.62
07/21/2020, $11.65, 34874, $11.74, $11.74, $11.57
07/20/2020, $11.59, 43662, $11.86, $11.9, $11.5
07/17/2020, $11.87, 22891, $11.95, $11.97, $11.7647
07/16/2020, $12.03, 34974, $12.05, $12.1785, $11.83
07/15/2020, $12.2, 35332, $11.9, $12.2, $11.9
07/14/2020, $11.94, 21156, $11.84, $12.0581, $11.81
07/13/2020, $11.9035, 20557, $11.9, $12.04, $11.77
07/10/2020, $11.9, 17684, $11.87, $12.06, $11.8375
07/09/2020, $11.89, 33772, $11.98, $12.03, $11.84
07/08/2020, $11.94, 30640, $11.9, $11.97, $11.76
07/07/2020, $11.69, 31662, $11.94, $11.94, $11.65
07/06/2020, $11.98, 50214, $12.12, $12.1394, $11.72
07/02/2020, $12.01, 76437, $12.4, $12.4, $11.93
07/01/2020, $12.29, 24632, $11.99, $12.32, $11.99
06/30/2020, $12.02, 12312, $11.92, $12.1, $11.8395
06/29/2020, $11.85, 39128, $11.86, $11.94, $11.75
06/26/2020, $11.8, 33203, $11.9, $11.95, $11.75
06/25/2020, $12, 25476, $11.88, $12.015, $11.84
06/24/2020, $11.94, 40551, $12.09, $12.09, $11.774
06/23/2020, $12.14, 33615, $12.33, $12.4153, $12.05
06/22/2020, $12.34, 8388, $12.33, $12.34, $12.18
06/19/2020, $12.36, 26329, $12.4, $12.47, $12.19
06/18/2020, $12.37, 29481, $12.75, $12.75, $12.28
06/17/2020, $12.67, 11248, $12.96, $12.96, $12.65
06/16/2020, $12.8601, 39579, $12.72, $12.91, $12.65
06/15/2020, $12.41, 31665, $12.5, $12.56, $12.3101
06/12/2020, $12.75, 46776, $12.68, $13.28, $12.2501
06/11/2020, $12.2, 38701, $12.71, $12.71, $12.14
06/10/2020, $13.22, 54443, $12.91, $13.22, $12.65
06/09/2020, $13.02, 76078, $12.9, $13.32, $12.51
06/08/2020, $13.3, 180729, $12.58, $13.41, $12.5004
06/05/2020, $12.34, 134114, $12.08, $12.5, $12.02
06/04/2020, $11.73, 81879, $12.1, $12.12, $11.73
06/03/2020, $12.18, 69357, $11.97, $12.18, $11.94
06/02/2020, $11.84, 37941, $11.93, $11.94, $11.8
06/01/2020, $11.95, 22691, $11.57, $11.95, $11.57
05/29/2020, $11.615, 18827, $11.64, $11.64, $11.55
05/28/2020, $11.65, 51002, $11.52, $11.77, $11.469
05/27/2020, $11.52, 34720, $11.4, $11.52, $11.34
05/26/2020, $11.36, 45609, $11.32, $11.54, $11.25
05/22/2020, $11.26, 16503, $11.18, $11.279, $11.14
05/21/2020, $11.18, 29144, $11.2, $11.26, $11.125
05/20/2020, $11.275, 14971, $11.29, $11.4399, $11.26
05/19/2020, $11.26, 49336, $11.41, $11.53, $11.23
05/18/2020, $11.5, 27659, $11.3, $11.56, $11.21
05/15/2020, $11.04, 35708, $11.15, $11.205, $10.69
05/14/2020, $11.26, 45983, $11.39, $11.39, $10.88
05/13/2020, $11.55, 51917, $11.95, $11.96, $11.5
05/12/2020, $12, 32099, $12.14, $12.14, $12
05/11/2020, $12.08, 22174, $12.06, $12.19, $12.02
05/08/2020, $12.13, 17022, $12.03, $12.18, $12.03
05/07/2020, $12.13, 32919, $11.96, $12.14, $11.89
05/06/2020, $11.96, 17374, $11.96, $12, $11.88
05/05/2020, $11.96, 20600, $11.95, $12.16, $11.95
05/04/2020, $11.92, 15280, $12.11, $12.131, $11.81
05/01/2020, $12.11, 20675, $12.06, $12.36, $11.9905
04/30/2020, $12.41, 22616, $12.12, $12.63, $12.12
04/29/2020, $12.28, 29685, $12.05, $12.29, $12.05
04/28/2020, $12.05, 33462, $12.05, $12.14, $11.9
04/27/2020, $11.97, 25982, $11.96, $12.05, $11.8118
04/24/2020, $11.93, 32443, $12.17, $12.17, $11.93
04/23/2020, $11.98, 47919, $12.12, $12.2552, $11.93
04/22/2020, $12.305, 42031, $12.2, $12.55, $12.0497
04/21/2020, $12.23, 16780, $12.31, $12.3481, $12.07
04/20/2020, $12.58, 24968, $12.13, $12.58, $12.11
04/17/2020, $12.59, 40685, $12.15, $12.95, $12.13
04/16/2020, $11.95, 24110, $12.53, $12.6102, $11.95
04/15/2020, $12.74, 25154, $12.5, $13, $12.5
04/14/2020, $13.02, 69669, $12.43, $13.5854, $12.43
04/13/2020, $12.37, 62550, $13.39, $13.39, $12.0601
04/09/2020, $13.4, 112339, $13, $13.69, $12.9
04/08/2020, $13, 52293, $12.21, $13, $12.21
04/07/2020, $12.2, 53078, $11.96, $12.49, $11.85
04/06/2020, $11.58, 63370, $11.23, $11.65, $11.16
04/03/2020, $11.16, 43418, $12.19, $12.19, $11.06
04/02/2020, $12.16, 87218, $11.98, $13.04, $11.931
04/01/2020, $11.98, 73320, $11.76, $12.49, $11.76
03/31/2020, $12.11, 54787, $11.61, $12.12, $11.52
03/30/2020, $11.44, 36293, $11.22, $11.5, $11.0785
03/27/2020, $11.08, 99772, $10.88, $11.18, $10.68
03/26/2020, $11.03, 188221, $11.93, $12.1806, $11
03/25/2020, $12.6, 76724, $12.34, $12.89, $11.7
03/24/2020, $12.355, 49789, $12.63, $12.88, $12.25
03/23/2020, $12.2552, 70624, $12.9, $12.9, $11.0201
03/20/2020, $13.26, 65281, $13.25, $13.57, $12.0646
03/19/2020, $13.41, 126205, $11.04, $14.7, $10.4503
03/18/2020, $11.1, 131614, $13.75, $13.8458, $9.51
03/17/2020, $14.41, 74966, $13.46, $14.62, $13.27
03/16/2020, $13.51, 85558, $15.66, $15.66, $13.4801
03/13/2020, $16.74, 49364, $17.5, $17.63, $16.51
03/12/2020, $17.02, 148420, $16.77, $17.61, $15.6
03/11/2020, $18.8, 100000, $18.75, $19.115, $18.47
03/10/2020, $18.97, 68991, $19.12, $19.28, $18.74
03/09/2020, $18.71, 34455, $19.65, $19.65, $18.6454
03/06/2020, $20.25, 32147, $20.22, $20.27, $20.01
03/05/2020, $20.53, 20762, $21.1, $21.1, $20.51
03/04/2020, $21.08, 43667, $20.67, $21.2, $20.67
03/03/2020, $20.65, 45587, $20.43, $20.75, $20.22
03/02/2020, $20.57, 45202, $19.36, $20.64, $19.36
02/28/2020, $19.36, 101634, $19.7, $19.77, $19.09
02/27/2020, $19.95, 132847, $20.3, $20.58, $19.53
02/26/2020, $20.62, 40072, $20.69, $21, $20.51
02/25/2020, $20.74, 51985, $21.4, $21.4, $20.5214
02/24/2020, $21.4, 35176, $21.39, $21.52, $21.36
02/21/2020, $21.53, 51737, $21.83, $21.87, $21.51
02/20/2020, $21.84, 18340, $21.85, $21.85, $21.75
02/19/2020, $21.8516, 34604, $21.81, $22.01, $21.78
02/18/2020, $21.88, 20816, $21.8, $21.9685, $21.766
02/14/2020, $21.8, 40502, $21.5, $21.84, $21.41
02/13/2020, $21.53, 30311, $21.33, $21.54, $21.32
02/12/2020, $21.5, 30716, $21.5, $21.61, $21.36
02/11/2020, $21.37, 20339, $21.37, $21.4174, $21.32
02/10/2020, $21.28, 27373, $21.4, $21.4632, $21.26
02/07/2020, $21.25, 30536, $21.47, $21.4849, $21.25
02/06/2020, $21.355, 22533, $21.4, $21.469, $21.29
02/05/2020, $21.4, 27752, $21.27, $21.5111, $21.26
02/04/2020, $21.26, 29777, $21.46, $21.46, $21.24
02/03/2020, $21.44, 46261, $21.22, $21.44, $21.22
01/31/2020, $21.15, 33599, $21.36, $21.36, $21.03
01/30/2020, $21.25, 31406, $21.23, $21.3324, $21.16
01/29/2020, $21.17, 21410, $21.23, $21.2794, $21.13
01/28/2020, $21.24, 15390, $21.17, $21.2899, $21.16
01/27/2020, $21.225, 13848, $21.21, $21.2886, $21.1912
01/24/2020, $21.17, 16457, $21.29, $21.32, $21.13
01/23/2020, $21.25, 29868, $21.5, $21.5, $21.05
01/22/2020, $21.37, 9834, $21.38, $21.4136, $21.33
01/21/2020, $21.25, 16697, $21.38, $21.38, $21.19
01/17/2020, $21.16, 52017, $21.38, $21.678, $21.09
01/16/2020, $21.3663, 10611, $21.38, $21.38, $21.24
01/15/2020, $21.31, 30986, $21.03, $21.32, $21.02
01/14/2020, $21.18, 31791, $20.98, $21.18, $20.86
01/13/2020, $20.9, 34915, $20.96, $20.96, $20.79
01/10/2020, $20.97, 31844, $20.92, $20.97, $20.7715
01/09/2020, $20.88, 28820, $20.6, $20.92, $20.6
01/08/2020, $20.5973, 90850, $20.72, $20.85, $20.56
01/07/2020, $20.72, 29324, $20.94, $21.0358, $20.698
01/06/2020, $20.9774, 39439, $21.22, $21.238, $20.85
01/03/2020, $21.16, 43409, $21.24, $21.3, $20.89
01/02/2020, $21.06, 29247, $21.11, $21.15, $20.85
12/31/2019, $21.12, 23098, $20.93, $21.15, $20.93
12/30/2019, $21.08, 57354, $20.64, $21.1, $20.64
12/27/2019, $20.64, 16575, $20.52, $20.67, $20.48
12/26/2019, $20.6, 9391, $20.56, $20.639, $20.5464
12/24/2019, $20.57, 36997, $20.61, $20.6301, $20.36
12/23/2019, $20.52, 33734, $20.83, $20.83, $20.36
12/20/2019, $20.83, 16941, $20.94, $20.94, $20.71
12/19/2019, $20.94, 24361, $21.01, $21.0692, $20.8682
12/18/2019, $21.1448, 20789, $21.11, $21.15, $21.06
12/17/2019, $21.3, 58112, $20.9, $21.3, $20.8879
12/16/2019, $20.91, 58126, $21.3, $21.3, $20.8014
12/13/2019, $21.3, 96722, $20.86, $21.68, $20.74
12/12/2019, $20.66, 51450, $20.51, $20.6859, $20.31
12/11/2019, $20.65, 46773, $20.95, $21.1144, $20.65
12/10/2019, $21.09, 21367, $21.2, $21.225, $21.01
12/09/2019, $21.2011, 18536, $21.15, $21.337, $21.15
12/06/2019, $21.03, 16698, $21, $21.05, $20.9
12/05/2019, $20.97, 16411, $20.77, $20.97, $20.77
12/04/2019, $20.93, 14484, $21.1, $21.145, $20.8341
12/03/2019, $21.04, 13049, $21.22, $21.22, $21
12/02/2019, $21.17, 18126, $21.22, $21.22, $21
11/29/2019, $21.32, 12050, $21.05, $21.388, $21.05
11/27/2019, $21.2465, 22372, $21.02, $21.2601, $21.02
11/26/2019, $21.01, 36611, $21.24, $21.42, $20.97
11/25/2019, $21.1, 17694, $20.77, $21.13, $20.77
11/22/2019, $20.775, 36275, $20.61, $20.87, $20.6
11/21/2019, $20.71, 18706, $20.87, $20.9208, $20.67
11/20/2019, $20.94, 22049, $21.03, $21.03, $20.83
11/19/2019, $20.91, 35091, $21.2, $21.3165, $20.6
11/18/2019, $21.03, 38283, $21.35, $21.35, $21
11/15/2019, $21, 44192, $21.25, $21.4999, $21
11/14/2019, $21.02, 19447, $21, $21.09, $21
11/13/2019, $20.93, 24308, $20.6, $20.94, $20.6
11/12/2019, $20.6, 13987, $20.71, $20.72, $20.55
11/11/2019, $20.695, 12308, $20.65, $20.769, $20.6
11/08/2019, $20.65, 14152, $20.76, $20.83, $20.63
11/07/2019, $20.71, 33405, $20.85, $20.9446, $20.63
11/06/2019, $20.92, 36322, $20.8, $20.97, $20.8
11/05/2019, $20.78, 60768, $21.26, $21.335, $20.55
11/04/2019, $21.219, 17174, $21.45, $21.45, $21.2
11/01/2019, $21.275, 16559, $21.42, $21.46, $21.275
10/31/2019, $21.4, 21921, $21.14, $21.4411, $20.87
10/30/2019, $21.19, 16115, $20.67, $21.19, $20.51
10/29/2019, $20.51, 18025, $20.8, $20.9558, $20.49
10/28/2019, $20.78, 21375, $20.96, $20.96, $20.7
10/25/2019, $20.9, 29241, $21.21, $21.35, $20.8
10/24/2019, $21.19, 12603, $21.18, $21.23, $21.0101
10/23/2019, $21.17, 32448, $21, $21.26, $21
10/22/2019, $20.97, 25624, $20.73, $20.98, $20.6357
10/21/2019, $20.68, 17566, $20.58, $20.76, $20.5101
10/18/2019, $20.42, 29130, $20.79, $20.9828, $20.27
10/17/2019, $20.681, 17828, $20.46, $20.75, $20.46
10/16/2019, $20.39, 13307, $20.33, $20.44, $20.22
10/15/2019, $20.23, 20172, $20.36, $20.4312, $20.21
10/14/2019, $20.28, 17083, $20.41, $20.448, $20.19
10/11/2019, $20.35, 18820, $20.54, $20.7386, $20.35
10/10/2019, $20.63, 27252, $20.65, $20.7, $20.44
10/09/2019, $20.65, 36757, $20.3, $20.65, $20.15
10/08/2019, $20.215, 28792, $20.14, $20.272, $20.1
10/07/2019, $20.32, 30436, $20.39, $20.5372, $20.23
10/04/2019, $20.45, 56256, $20.79, $20.85, $20.3
10/03/2019, $20.86, 53976, $20.46, $20.98, $20.36
10/02/2019, $20.35, 30029, $20.54, $20.5865, $20.3
10/01/2019, $20.54, 27202, $20.57, $20.755, $20.4379
09/30/2019, $20.57, 23655, $20.33, $20.57, $20.3
09/27/2019, $20.29, 29791, $20.48, $20.5, $20.13
09/26/2019, $20.33, 33537, $20.55, $20.57, $20.2
09/25/2019, $20.49, 35578, $20.42, $20.55, $20.37
09/24/2019, $20.33, 28125, $20.3, $20.39, $20.2
09/23/2019, $20.3, 25003, $20.18, $20.4, $20.14
09/20/2019, $20.12, 20743, $20.08, $20.14, $20.01
09/19/2019, $20.04, 34489, $20.04, $20.23, $19.9364
09/18/2019, $19.9, 19348, $19.92, $19.9894, $19.9
09/17/2019, $19.82, 22660, $19.85, $20, $19.81
09/16/2019, $19.84, 31171, $20.14, $20.17, $19.74
09/13/2019, $20.11, 20709, $20.18, $20.47, $20.11
09/12/2019, $20.18, 15578, $20.27, $20.365, $20.18
09/11/2019, $20.22, 13959, $20.29, $20.3241, $20.22
09/10/2019, $20.2, 11051, $20.18, $20.3, $20.05
09/09/2019, $20.1511, 17102, $20.06, $20.39, $20.06
09/06/2019, $20.1, 14503, $20.05, $20.14, $20
09/05/2019, $19.94, 21463, $20.19, $20.25, $19.94
09/04/2019, $20.15, 22782, $19.83, $20.21, $19.83
09/03/2019, $19.79, 21162, $19.65, $19.9541, $19.65
08/30/2019, $19.69, 42750, $19.52, $19.69, $19.52
08/29/2019, $19.62, 20619, $19.87, $19.8714, $19.513
08/28/2019, $19.69, 24918, $19.89, $19.925, $19.69
08/27/2019, $19.9, 24103, $19.98, $20.0233, $19.8
08/26/2019, $19.89, 36674, $20.44, $20.44, $19.7921
08/23/2019, $20.48, 28361, $20.4, $20.56, $20.358
08/22/2019, $20.44, 18063, $20.2, $20.55, $20.2
08/21/2019, $20.2, 36460, $20, $20.28, $20
08/20/2019, $19.96, 56078, $19.95, $20.14, $19.77
08/19/2019, $19.76, 57532, $19.53, $19.77, $19.37
08/16/2019, $19.215, 32419, $19.05, $19.35, $19.0345
08/15/2019, $19, 52868, $19.35, $19.35, $19
08/14/2019, $19.22, 47462, $19.82, $19.9, $19.21
08/13/2019, $19.75, 66989, $19.73, $20.0198, $19.73
08/12/2019, $19.78, 36960, $20, $20, $19.75
08/09/2019, $19.84, 17104, $19.94, $19.9446, $19.77
08/08/2019, $19.86, 26134, $20, $20, $19.751
08/07/2019, $20, 36373, $19.62, $20, $19.3
08/06/2019, $19.55, 43702, $19.29, $19.765, $19.29
08/05/2019, $19.25, 16135, $19.33, $19.33, $19.206
08/02/2019, $19.33, 33398, $19.15, $19.4, $19.15
08/01/2019, $19.15, 21221, $19.18, $19.22, $19.1074
07/31/2019, $19.14, 18438, $19.24, $19.296, $19.08
07/30/2019, $19.14, 11345, $19.17, $19.2705, $19.13
07/29/2019, $19.14, 11376, $19.09, $19.18, $19.07
07/26/2019, $19.06, 14082, $19.09, $19.15, $19.02
07/25/2019, $19.02, 18303, $19.02, $19.25, $19.02
07/24/2019, $19.05, 21912, $19.25, $19.28, $19.01
07/23/2019, $19.12, 24719, $19.34, $19.4, $19.12
07/22/2019, $19.34, 29681, $19.29, $19.55, $19.2
07/19/2019, $19.14, 28464, $19.27, $19.56, $19.13
07/18/2019, $19.32, 9103, $19.22, $19.34, $19.21
07/17/2019, $19.195, 23725, $19.29, $19.3099, $19.1853
07/16/2019, $19.23, 9674, $19.35, $19.49, $19.2249
07/15/2019, $19.47, 27268, $19.44, $19.67, $19.344
07/12/2019, $19.44, 53737, $19.27, $19.52, $19.2179
07/11/2019, $19.231, 12935, $19.29, $19.29, $19.23
07/10/2019, $19.24, 29837, $19.33, $19.35, $19.2
07/09/2019, $19.1361, 27432, $19.12, $19.2001, $19.1
07/08/2019, $19.06, 34441, $18.87, $19.1226, $18.87
07/05/2019, $18.87, 19231, $18.95, $18.98, $18.85
07/03/2019, $19.01, 20431, $18.84, $19.14, $18.84
07/02/2019, $18.92, 20698, $18.91, $18.9913, $18.82
07/01/2019, $18.89, 29079, $19.11, $19.11, $18.85
06/28/2019, $19.05, 23319, $19.25, $19.25, $19.01
06/27/2019, $19.29, 33614, $18.73, $19.29, $18.73
06/26/2019, $18.72, 33299, $18.8, $19.05, $18.69
06/25/2019, $18.71, 19985, $18.95, $18.95, $18.71
06/24/2019, $18.9, 35062, $19.04, $19.09, $18.79
06/21/2019, $18.9, 15128, $19.03, $19.0828, $18.89
06/20/2019, $19.05, 13574, $19.13, $19.36, $19.05
06/19/2019, $19.13, 19214, $19.16, $19.16, $19
06/18/2019, $19.03, 20048, $19.15, $19.1523, $19.03
06/17/2019, $19.15, 18572, $19.18, $19.18, $19.06
06/14/2019, $19.169, 10706, $19.07, $19.26, $19.07
06/13/2019, $19.06, 12178, $19.07, $19.2, $18.997
06/12/2019, $19.17, 13091, $19.19, $19.26, $19.08
06/11/2019, $19.16, 13500, $19.33, $19.37, $19.07
06/10/2019, $19.2502, 20707, $19.28, $19.37, $19.25
06/07/2019, $19.2234, 22041, $19, $19.26, $19
06/06/2019, $18.9733, 14431, $19, $19.05, $18.9462
06/05/2019, $19, 10229, $18.93, $19, $18.894
06/04/2019, $18.93, 17432, $18.85, $18.9311, $18.8
06/03/2019, $18.7799, 6628, $18.71, $18.9001, $18.7
05/31/2019, $18.68, 7441, $18.67, $18.73, $18.642
05/30/2019, $18.7241, 13806, $18.7, $18.73, $18.57
05/29/2019, $18.66, 14807, $18.85, $18.85, $18.66
05/28/2019, $19, 27518, $18.9, $19, $18.83
05/24/2019, $18.81, 6688, $18.77, $18.86, $18.65
05/23/2019, $18.67, 10473, $18.7, $18.82, $18.67
05/22/2019, $18.7, 13218, $18.72, $18.8785, $18.6501
05/21/2019, $18.81, 6729, $18.8, $18.84, $18.7679
05/20/2019, $18.725, 13882, $18.7, $18.81, $18.635
05/17/2019, $18.7, 8493, $18.76, $18.76, $18.7
05/16/2019, $18.74, 18049, $18.69, $18.79, $18.601
05/15/2019, $18.86, 35723, $18.56, $18.87, $18.56
05/14/2019, $18.57, 11247, $18.56, $18.63, $18.48
05/13/2019, $18.52, 13701, $18.65, $18.65, $18.49
05/10/2019, $18.68, 4935, $18.57, $18.68, $18.53
05/09/2019, $18.6, 7252, $18.64, $18.6572, $18.5615
05/08/2019, $18.76, 27711, $18.69, $18.8116, $18.67
05/07/2019, $18.8, 5652, $18.79, $18.83, $18.7211
05/06/2019, $18.8235, 5324, $18.95, $18.95, $18.8056
05/03/2019, $18.95, 22881, $18.79, $18.95, $18.79
05/02/2019, $18.79, 7534, $18.79, $18.82, $18.71
05/01/2019, $18.77, 7973, $18.8, $18.8, $18.7291
04/30/2019, $18.76, 14789, $18.77, $18.805, $18.6826
04/29/2019, $18.725, 7045, $18.68, $18.725, $18.6616
04/26/2019, $18.75, 5277, $18.65, $18.7791, $18.4501
04/25/2019, $18.6008, 17542, $18.53, $18.61, $18.451
04/24/2019, $18.53, 16241, $18.4, $18.541, $18.37
04/23/2019, $18.35, 29645, $18.4, $18.4, $18.3201
04/22/2019, $18.4, 29331, $18.56, $18.577, $18.375
04/18/2019, $18.57, 30683, $18.79, $18.79, $18.56
04/17/2019, $18.71, 19912, $18.77, $18.8, $18.7001
04/16/2019, $18.81, 14515, $18.79, $18.81, $18.73
04/15/2019, $18.75, 12359, $18.76, $18.843, $18.67
04/12/2019, $18.8, 16105, $18.92, $18.95, $18.8
04/11/2019, $18.94, 12649, $18.88, $18.94, $18.6974
04/10/2019, $18.84, 14887, $18.9, $18.95, $18.82
04/09/2019, $18.87, 23715, $18.79, $18.87, $18.7098
04/08/2019, $18.719, 18881, $18.64, $18.719, $18.64
04/05/2019, $18.64, 21797, $18.68, $18.79, $18.64
04/04/2019, $18.68, 22952, $18.8, $18.8, $18.64
04/03/2019, $18.68, 30412, $18.68, $18.6915, $18.64
04/02/2019, $18.73, 40577, $18.82, $18.85, $18.64
04/01/2019, $18.7627, 20607, $18.68, $18.79, $18.541
03/29/2019, $18.64, 24361, $18.52, $18.69, $18.5
03/28/2019, $18.5, 11178, $18.45, $18.55, $18.45
03/27/2019, $18.42, 54237, $18.53, $18.54, $18.29
03/26/2019, $18.4811, 15570, $18.34, $18.53, $18.25
03/25/2019, $18.31, 21743, $18.16, $18.35, $18.16
03/22/2019, $18.24, 49180, $18.1, $18.24, $18.08
03/21/2019, $18.17, 23691, $17.96, $18.17, $17.96
03/20/2019, $17.92, 20884, $18.05, $18.05, $17.9
03/19/2019, $17.9838, 10597, $17.91, $18.1342, $17.91
03/18/2019, $17.92, 24538, $18.12, $18.15, $17.86
03/15/2019, $18.0988, 23227, $18.18, $18.199, $18.07
03/14/2019, $18.1, 15149, $18, $18.1, $17.95
03/13/2019, $17.95, 23771, $17.94, $18.0093, $17.94
03/12/2019, $17.94, 16478, $17.95, $17.95, $17.7
03/11/2019, $17.9, 14866, $17.89, $17.9499, $17.79
03/08/2019, $17.89, 27297, $17.7, $17.89, $17.7
03/07/2019, $17.75, 24386, $17.83, $17.8892, $17.7483
03/06/2019, $17.89, 10984, $17.91, $17.91, $17.8
03/05/2019, $17.86, 16312, $17.84, $17.92, $17.79
03/04/2019, $17.88, 17115, $17.81, $17.94, $17.8
03/01/2019, $17.805, 16037, $17.87, $17.87, $17.785
02/28/2019, $17.93, 16852, $17.89, $17.95, $17.81
02/27/2019, $17.8697, 13403, $17.96, $17.96, $17.7966
02/26/2019, $17.95, 14704, $17.75, $17.95, $17.73
02/25/2019, $17.67, 18652, $17.72, $17.82, $17.67
02/22/2019, $17.68, 19826, $17.61, $17.7975, $17.61
02/21/2019, $17.67, 13970, $17.77, $17.87, $17.6
02/20/2019, $17.79, 17337, $18.04, $18.04, $17.79
02/19/2019, $18, 18901, $17.94, $18, $17.8569
02/15/2019, $17.95, 17538, $17.94, $18, $17.94
02/14/2019, $18.0127, 18581, $17.88, $18.04, $17.7901
02/13/2019, $18, 32291, $17.89, $18, $17.81
02/12/2019, $17.94, 32376, $17.68, $17.97, $17.68
02/11/2019, $17.7162, 6390, $17.73, $17.75, $17.6766
02/08/2019, $17.75, 6637, $17.67, $17.7599, $17.6532
02/07/2019, $17.6827, 15087, $17.77, $17.8022, $17.6115
02/06/2019, $17.7125, 17478, $17.73, $17.85, $17.6507
02/05/2019, $17.78, 30828, $17.75, $17.82, $17.675
02/04/2019, $17.71, 33798, $17.61, $17.71, $17.47
02/01/2019, $17.52, 27866, $17.49, $17.5694, $17.32
01/31/2019, $17.4592, 39772, $17.29, $17.4592, $17.29
01/30/2019, $17.3, 26313, $17.3, $17.39, $17.19
01/29/2019, $17.16, 25563, $17.11, $17.26, $17
01/28/2019, $17.11, 14062, $17.1, $17.12, $17.05
01/25/2019, $17.05, 8952, $16.97, $17.12, $16.941
01/24/2019, $16.92, 18057, $17.1, $17.11, $16.86
01/23/2019, $17.01, 20639, $17.11, $17.11, $16.9737
01/22/2019, $17.11, 19645, $17.11, $17.33, $17.03
01/18/2019, $17.13, 14642, $17.16, $17.2117, $16.97
01/17/2019, $17.11, 20517, $17.12, $17.265, $17.06
01/16/2019, $17.18, 16838, $17.09, $17.2601, $17.09
01/15/2019, $17.07, 14266, $17.03, $17.16, $17
01/14/2019, $17.05, 12410, $17.08, $17.14, $16.92
01/11/2019, $17.13, 14466, $16.97, $17.13, $16.97
01/10/2019, $16.97, 18225, $16.76, $17, $16.76
01/09/2019, $16.76, 28664, $16.84, $16.85, $16.7109
01/08/2019, $16.77, 32680, $16.58, $16.84, $16.55
01/07/2019, $16.47, 17428, $16.45, $16.58, $16.44
01/04/2019, $16.365, 38367, $16.28, $16.37, $16.05
01/03/2019, $16.31, 66856, $16.06, $16.31, $16.04
01/02/2019, $16.06, 32344, $16.28, $16.2804, $15.95
12/31/2018, $16.54, 77836, $15.71, $16.55, $15.7
12/28/2018, $15.65, 50592, $15.61, $15.75, $15.57
12/27/2018, $15.5, 72978, $15.71, $15.73, $15.45
12/26/2018, $15.92, 44825, $15.47, $16.2, $15.431
12/24/2018, $15.3912, 84930, $15.6, $15.78, $15.31
12/21/2018, $15.76, 31801, $15.56, $15.8292, $15.45
12/20/2018, $15.56, 50027, $16.11, $16.124, $15.49
12/19/2018, $16.15, 22944, $16.2, $16.2906, $16.1
12/18/2018, $16.22, 34539, $16.43, $16.4999, $16.19
12/17/2018, $16.45, 54929, $16.55, $16.5704, $16.0879
12/14/2018, $16.61, 20014, $16.95, $16.95, $16.59
12/13/2018, $17.01, 12689, $16.98, $17.02, $16.84
12/12/2018, $16.96, 29310, $16.9, $17.06, $16.86
12/11/2018, $16.93, 21955, $16.92, $17.05, $16.8
12/10/2018, $16.91, 24598, $17.07, $17.07, $16.9
12/07/2018, $17.06, 28411, $17.3, $17.3, $17
12/06/2018, $17.31, 37335, $17.31, $17.4055, $17.06
12/04/2018, $17.31, 19533, $17.77, $17.795, $17.31
12/03/2018, $17.97, 97169, $17.27, $17.97, $17.12
11/30/2018, $17.205, 11967, $17.15, $17.22, $17.1047
11/29/2018, $17.15, 36656, $16.98, $17.17, $16.89
11/28/2018, $16.98, 31564, $16.83, $17, $16.82
11/27/2018, $16.83, 20411, $16.75, $16.83, $16.6
11/26/2018, $16.76, 5616, $16.78, $16.96, $16.76
11/23/2018, $16.7838, 14350, $16.77, $16.84, $16.74
11/21/2018, $16.7489, 18409, $16.96, $16.96, $16.72
11/20/2018, $16.93, 25154, $17.26, $17.34, $16.93
11/19/2018, $17.32, 27256, $17.38, $17.43, $17.29
11/16/2018, $17.4, 13956, $17.16, $17.4, $17.16
11/15/2018, $17.11, 14768, $17.3, $17.3, $17.11
11/14/2018, $17.42, 15007, $17.33, $17.42, $17.27
11/13/2018, $17.384, 14152, $17.36, $17.384, $17.2901
11/12/2018, $17.35, 6857, $17.27, $17.35, $17.2
11/09/2018, $17.27, 7653, $17.28, $17.3722, $17.26
11/08/2018, $17.29, 12579, $17.4, $17.4, $17.2
11/07/2018, $17.37, 18156, $17.35, $17.37, $17.2001
11/06/2018, $17.28, 5847, $17.18, $17.2801, $17.18
11/05/2018, $17.19, 6106, $17.08, $17.28, $17.08
11/02/2018, $17.06, 19707, $17.18, $17.18, $16.99
11/01/2018, $17.06, 10305, $16.91, $17.1, $16.878
10/31/2018, $16.97, 38116, $17.1, $17.1473, $16.84
10/30/2018, $17.1, 6203, $16.99, $17.14, $16.99
10/29/2018, $17.04, 12027, $16.84, $17.07, $16.8212
10/26/2018, $16.78, 10302, $16.97, $16.9763, $16.7127
10/25/2018, $16.99, 6084, $16.99, $17.0108, $16.9318
10/24/2018, $16.9, 17490, $17.05, $17.07, $16.9
10/23/2018, $17, 23516, $17.28, $17.3, $17
10/22/2018, $17.28, 13349, $17.25, $17.34, $17.24
10/19/2018, $17.24, 11227, $17.17, $17.24, $17.17
10/18/2018, $17.14, 10277, $17.23, $17.23, $17.1273
10/17/2018, $17.13, 39211, $17.29, $17.34, $17.12
10/16/2018, $17.28, 39409, $17.1, $17.28, $17.0011
10/15/2018, $17.05, 9162, $16.9, $17.05, $16.9
10/12/2018, $16.89, 22903, $17, $17.13, $16.88
10/11/2018, $16.93, 27595, $17.12, $17.14, $16.86
10/10/2018, $17.1127, 20153, $17.16, $17.18, $16.98
10/09/2018, $17.21, 51031, $17.54, $17.7, $17.02
10/08/2018, $17.26, 19596, $17.29, $17.36, $17.2319
10/05/2018, $17.36, 32873, $17.45, $17.45, $17.25
10/04/2018, $17.55, 16512, $17.56, $17.56, $17.446
10/03/2018, $17.62, 55545, $17.63, $17.7, $17.56
10/02/2018, $17.59, 27724, $17.54, $17.65, $17.54
10/01/2018, $17.53, 35805, $17.45, $17.62, $17.3664
09/28/2018, $17.24, 29108, $17.2, $17.3299, $17.1
09/27/2018, $17.11, 59687, $17.2, $17.38, $17.11
09/26/2018, $17.25, 46333, $17.43, $17.43, $17.2
09/25/2018, $17.44, 17458, $17.43, $17.47, $17.4282
09/24/2018, $17.44, 25245, $17.64, $17.669, $17.42
09/21/2018, $17.69, 21562, $17.58, $17.71, $17.58
09/20/2018, $17.58, 21309, $17.52, $17.6266, $17.44
09/19/2018, $17.54, 24277, $17.56, $17.6, $17.51
09/18/2018, $17.66, 9297, $17.7, $17.7, $17.6
09/17/2018, $17.68, 17891, $17.62, $17.7, $17.52
09/14/2018, $17.61, 30719, $17.81, $17.82, $17.58
09/13/2018, $17.8715, 28513, $17.83, $17.885, $17.67
09/12/2018, $17.99, 12264, $17.95, $18.035, $17.95
09/11/2018, $17.99, 10644, $17.85, $17.99, $17.85
09/10/2018, $17.89, 25582, $17.86, $17.919, $17.86
09/07/2018, $17.84, 53827, $18, $18.1229, $17.77
09/06/2018, $18.13, 23008, $18.2, $18.229, $18.13
09/05/2018, $18.22, 19157, $18.24, $18.31, $18.2
09/04/2018, $18.26, 24388, $18.32, $18.3799, $18.2
08/31/2018, $18.33, 13748, $18.37, $18.44, $18.31
08/30/2018, $18.31, 26395, $18.44, $18.47, $18.31
08/29/2018, $18.47, 35942, $18.61, $18.6892, $18.41
08/28/2018, $18.68, 36227, $18.77, $18.79, $18.58
08/27/2018, $18.69, 25397, $18.84, $18.84, $18.62
08/24/2018, $18.74, 38902, $18.85, $18.85, $18.6
08/23/2018, $18.6, 54356, $18.56, $18.68, $18.54
08/22/2018, $18.62, 50322, $18.7, $18.75, $18.4
08/21/2018, $18.52, 60423, $18.51, $18.74, $18.5
08/20/2018, $18.44, 87884, $18.22, $18.6, $18.04
08/17/2018, $18.325, 28268, $18.25, $18.34, $18.25
08/16/2018, $18.25, 8452, $18.17, $18.27, $18.12
08/15/2018, $18.24, 16602, $18.15, $18.24, $18.12
08/14/2018, $18.14, 10516, $18.14, $18.18, $18.1001
08/13/2018, $18.05, 15986, $18.21, $18.24, $18.05
08/10/2018, $18.08, 15940, $18.07, $18.25, $18.02
08/09/2018, $18.1, 7010, $18.1, $18.1674, $18.0619
08/08/2018, $18.03, 23470, $18.03, $18.1, $18.02
08/07/2018, $17.98, 16381, $17.96, $17.99, $17.9
08/06/2018, $17.85, 24020, $18.03, $18.07, $17.81
08/03/2018, $17.75, 30426, $17.89, $18.09, $17.71
08/02/2018, $17.89, 14695, $17.89, $17.95, $17.89
08/01/2018, $17.98, 21960, $18.19, $18.22, $17.86
07/31/2018, $18.16, 19014, $18.15, $18.199, $18.05
07/30/2018, $18.06, 19418, $18.18, $18.2, $18.01
07/27/2018, $18.12, 14069, $18.15, $18.24, $18.1
07/26/2018, $18.16, 39035, $18.2, $18.2, $18.06
07/25/2018, $18.13, 20020, $17.96, $18.16, $17.8701
07/24/2018, $17.925, 14764, $17.79, $17.94, $17.79
07/23/2018, $17.79, 30767, $17.69, $17.79, $17.64
07/20/2018, $17.62, 20949, $17.55, $17.64, $17.521
07/19/2018, $17.55, 29802, $17.58, $17.65, $17.55
07/18/2018, $17.58, 35865, $17.6, $17.6572, $17.52
07/17/2018, $17.64, 11901, $17.61, $17.67, $17.54
07/16/2018, $17.57, 28205, $17.55, $17.61, $17.4918
07/13/2018, $17.581, 83062, $17.98, $18.29, $17.37
07/12/2018, $17.98, 18344, $18.03, $18.03, $17.95
07/11/2018, $17.9954, 19003, $18.11, $18.17, $17.92
07/10/2018, $18.12, 39708, $18.16, $18.31, $18.06
07/09/2018, $18.01, 24829, $18, $18.08, $17.975
07/06/2018, $17.96, 26554, $17.98, $18.189, $17.96
07/05/2018, $17.94, 21917, $17.99, $18, $17.89
07/03/2018, $17.99, 5603, $17.72, $17.99, $17.72
07/02/2018, $17.72, 18983, $17.76, $17.911, $17.66
06/29/2018, $17.75, 7961, $17.62, $17.75, $17.59
06/28/2018, $17.52, 21778, $17.56, $17.789, $17.51
06/27/2018, $17.5501, 16667, $17.7, $17.7, $17.55
06/26/2018, $17.64, 16260, $17.64, $17.73, $17.59
06/25/2018, $17.59, 29946, $17.58, $17.61, $17.511
06/22/2018, $17.5154, 12206, $17.44, $17.58, $17.44
06/21/2018, $17.44, 49562, $17.6, $17.6119, $17.37
06/20/2018, $17.53, 20885, $17.55, $17.56, $17.5001
06/19/2018, $17.48, 27296, $17.54, $17.61, $17.4038
06/18/2018, $17.49, 28995, $17.55, $17.55, $17.4401
06/15/2018, $17.58, 31047, $17.5, $17.58, $17.45
06/14/2018, $17.43, 20337, $17.38, $17.48, $17.29
06/13/2018, $17.2527, 30345, $17.58, $17.58, $17.23
06/12/2018, $17.39, 23600, $17.47, $17.47, $17.21
06/11/2018, $17.38, 25677, $17.4, $17.45, $17.28
06/08/2018, $17.34, 9943, $17.31, $17.349, $17.2801
06/07/2018, $17.3, 16951, $17.25, $17.31, $17.15
06/06/2018, $17.27, 28545, $17.29, $17.29, $17.08
06/05/2018, $17.19, 25122, $17.17, $17.34, $17.07
06/04/2018, $17.06, 37502, $17.2, $17.26, $16.98
06/01/2018, $17.16, 28633, $17.1, $17.23, $17.05
05/31/2018, $17.11, 22417, $17.3, $17.3071, $17.04
05/30/2018, $17.28, 32354, $17.04, $17.3155, $17.01
05/29/2018, $17.08, 19368, $17.07, $17.08, $16.98
05/25/2018, $16.96, 11701, $17.01, $17.14, $16.96
05/24/2018, $16.9652, 27484, $17.01, $17.16, $16.95
05/23/2018, $16.93, 12418, $16.84, $17.01, $16.8366
05/22/2018, $16.8775, 20775, $16.97, $17.02, $16.8201
05/21/2018, $16.94, 23368, $16.92, $17.05, $16.9076
05/18/2018, $16.92, 49645, $17.27, $17.27, $16.89
05/17/2018, $16.85, 27802, $16.86, $16.95, $16.71
05/16/2018, $16.92, 29028, $16.93, $17.09, $16.78
05/15/2018, $16.94, 16508, $17.01, $17.01, $16.8
05/14/2018, $17.01, 14823, $17.07, $17.095, $17.0001
05/11/2018, $17.03, 17470, $17.08, $17.08, $17.01
05/10/2018, $17.11, 18437, $17.07, $17.21, $17.03
05/09/2018, $17.05, 13298, $16.94, $17.05, $16.76
05/08/2018, $16.99, 11296, $17.01, $17.01, $16.88
05/07/2018, $17.01, 11173, $16.95, $17.01, $16.92
05/04/2018, $16.98, 11222, $16.93, $16.98, $16.7195
05/03/2018, $16.86, 9226, $16.98, $16.9987, $16.83
05/02/2018, $16.93, 42826, $16.8, $17.02, $16.8
05/01/2018, $16.77, 15917, $16.81, $16.81, $16.7
04/30/2018, $16.75, 11029, $16.87, $16.87, $16.75
04/27/2018, $16.87, 15685, $16.76, $16.94, $16.6897
04/26/2018, $16.76, 13176, $16.66, $16.8065, $16.66
04/25/2018, $16.65, 27239, $16.57, $16.73, $16.57
04/24/2018, $16.56, 12905, $16.49, $16.5801, $16.49
04/23/2018, $16.49, 15025, $16.54, $16.54, $16.41
04/20/2018, $16.51, 13579, $16.72, $16.72, $16.51
04/19/2018, $16.73, 18768, $16.72, $16.78, $16.63
04/18/2018, $16.85, 28200, $16.7, $16.85, $16.7
04/17/2018, $16.77, 16466, $16.58, $16.83, $16.58
04/16/2018, $16.5568, 11415, $16.53, $16.59, $16.474
04/13/2018, $16.5, 23367, $16.64, $16.7865, $16.45
04/12/2018, $16.64, 26104, $16.84, $16.89, $16.61
04/11/2018, $16.9, 11587, $16.8, $16.9, $16.76
04/10/2018, $16.8, 29429, $17.15, $17.15, $16.71
04/09/2018, $16.94, 17926, $16.89, $17.05, $16.8811
04/06/2018, $16.89, 44141, $16.97, $17.05, $16.81
04/05/2018, $16.91, 22158, $16.98, $16.98, $16.86
04/04/2018, $16.881, 32274, $16.7, $16.9566, $16.6806
04/03/2018, $16.69, 14248, $16.65, $16.72, $16.65
04/02/2018, $16.64, 26565, $16.76, $16.76, $16.62
03/29/2018, $16.7299, 14464, $16.7, $16.74, $16.65
03/28/2018, $16.7, 29091, $16.54, $16.75, $16.4701
03/27/2018, $16.53, 29788, $16.36, $16.56, $16.29
03/26/2018, $16.3775, 31583, $16.41, $16.52, $16.22
03/23/2018, $16.33, 18492, $16.47, $16.65, $16.3295
03/22/2018, $16.45, 23707, $16.46, $16.485, $16.41
03/21/2018, $16.51, 20841, $16.54, $16.6, $16.4399
03/20/2018, $16.62, 20173, $16.64, $16.69, $16.505
03/19/2018, $16.55, 11451, $16.69, $16.71, $16.461
03/16/2018, $16.7, 28127, $16.72, $16.76, $16.68
03/15/2018, $16.765, 17035, $16.7, $16.77, $16.67
03/14/2018, $16.79, 26022, $16.71, $16.82, $16.67
03/13/2018, $16.71, 20015, $16.73, $16.75, $16.7
03/12/2018, $16.61, 35071, $16.7, $16.74, $16.6
03/09/2018, $16.7, 27865, $16.73, $16.7835, $16.52
03/08/2018, $16.74, 29915, $16.86, $16.9604, $16.73
03/07/2018, $16.71, 10087, $16.8, $16.83, $16.68
03/06/2018, $16.78, 17438, $16.67, $16.78, $16.62
03/05/2018, $16.67, 24781, $16.65, $16.69, $16.5484
03/02/2018, $16.6301, 19926, $16.57, $16.65, $16.5121
03/01/2018, $16.57, 15012, $16.65, $16.67, $16.4225
02/28/2018, $16.57, 13130, $16.55, $16.74, $16.53
02/27/2018, $16.58, 17356, $16.77, $16.77, $16.45
02/26/2018, $16.73, 16430, $16.71, $16.79, $16.7001
02/23/2018, $16.71, 19020, $16.6, $16.72, $16.6
02/22/2018, $16.51, 9909, $16.51, $16.6017, $16.4328
02/21/2018, $16.43, 17545, $16.61, $16.69, $16.4
02/20/2018, $16.59, 20677, $16.61, $16.72, $16.51
02/16/2018, $16.59, 23864, $16.38, $16.65, $16.38
02/15/2018, $16.41, 18492, $16.52, $16.59, $16.34
02/14/2018, $16.46, 13637, $16.4, $16.75, $16.4
02/13/2018, $16.54, 23684, $16.69, $16.69, $16.48
02/12/2018, $16.61, 13514, $16.79, $16.79, $16.6
02/09/2018, $16.75, 20232, $16.67, $16.75, $16.3938
02/08/2018, $16.63, 22467, $16.6, $16.6757, $16.35
02/07/2018, $16.58, 27599, $16.74, $16.74, $16.54
02/06/2018, $16.57, 25607, $16.21, $16.7699, $16.21
02/05/2018, $16.34, 33909, $16.84, $16.9757, $16.22
02/02/2018, $16.99, 41454, $16.77, $16.99, $16.52
02/01/2018, $16.89, 28806, $16.98, $17.09, $16.81
01/31/2018, $16.98, 26590, $16.88, $17.01, $16.76
01/30/2018, $16.77, 50259, $17.02, $17.04, $16.77
01/29/2018, $17.05, 33671, $17.13, $17.19, $17.05
01/26/2018, $17.231, 33250, $17.25, $17.4, $17.215
01/25/2018, $17.25, 33530, $17.32, $17.32, $17.13
01/24/2018, $17.28, 40206, $17.35, $17.35, $17.28
01/23/2018, $17.34, 53399, $17.28, $17.37, $17.28
01/22/2018, $17.27, 24742, $17.22, $17.28, $17.1338
01/19/2018, $17.14, 11536, $17.11, $17.2407, $17.11
01/18/2018, $17.12, 25958, $17.25, $17.25, $17.0901
01/17/2018, $17.25, 13849, $17.28, $17.28, $17.22
01/16/2018, $17.22, 27200, $17.16, $17.28, $17.16
01/12/2018, $17.15, 27371, $17.19, $17.24, $17.08
01/11/2018, $17.04, 11324, $17.13, $17.2238, $17.04
01/10/2018, $17.16, 55203, $17.38, $17.44, $17.16
01/09/2018, $17.41, 46329, $17.71, $17.71, $17.37
01/08/2018, $17.61, 23320, $17.56, $17.72, $17.56
01/05/2018, $17.46, 22837, $17.4, $17.54, $17.39
01/04/2018, $17.37, 23995, $17.44, $17.44, $17.2701
01/03/2018, $17.38, 20410, $17.27, $17.4, $17.2301
01/02/2018, $17.2, 21499, $17.25, $17.3, $17.2
12/29/2017, $17.19, 51043, $17.12, $17.1989, $17.12
12/28/2017, $17.15, 45232, $17.12, $17.182, $17.09
12/27/2017, $17.12, 26658, $17.22, $17.25, $17.1
12/26/2017, $17.2, 49267, $17.18, $17.28, $17.05
12/22/2017, $17.22, 35720, $17.16, $17.26, $17
12/21/2017, $17.09, 31592, $17.07, $17.16, $17.06
12/20/2017, $17.04, 30835, $17.01, $17.15, $17
12/19/2017, $16.91, 26388, $17.3, $17.3, $16.91
12/18/2017, $17.23, 66869, $17.19, $17.33, $17.14
12/15/2017, $17.21, 38774, $17.11, $17.25, $17.11
12/14/2017, $17.12, 32780, $17.05, $17.225, $17.03
12/13/2017, $17.16, 14581, $17.19, $17.22, $17.12
12/12/2017, $17.1, 9947, $17.17, $17.2084, $17.08
12/11/2017, $17.08, 17605, $17.13, $17.1937, $17.08
12/08/2017, $17.077, 33128, $17.15, $17.185, $17.03
12/07/2017, $17.09, 42787, $17.34, $17.35, $17.0504
12/06/2017, $17.25, 26014, $17.32, $17.36, $17.201
12/05/2017, $17.28, 28890, $17.32, $17.38, $17.2401
12/04/2017, $17.2, 24306, $17.25, $17.281, $17.1
12/01/2017, $17.17, 40091, $17.24, $17.32, $17.07
11/30/2017, $17.19, 30231, $17.25, $17.2696, $17.0611
11/29/2017, $17.16, 26693, $17.24, $17.26, $17.135
11/28/2017, $17.23, 21467, $17.15, $17.25, $17.0552
11/27/2017, $17.09, 34502, $17.2, $17.2232, $17.04
11/24/2017, $17.15, 18162, $17.24, $17.26, $17.11
11/22/2017, $17.17, 21967, $17.19, $17.27, $17.0316
11/21/2017, $17.09, 50551, $17.11, $17.22, $17.0495
11/20/2017, $17.03, 23977, $17.04, $17.14, $17
11/17/2017, $16.96, 33320, $17.07, $17.156, $16.8201
11/16/2017, $17.08, 44871, $16.84, $17.09, $16.81
11/15/2017, $16.92, 31394, $17.05, $17.05, $16.898
11/14/2017, $16.97, 106757, $17.08, $17.08, $16.55
11/13/2017, $17.04, 37273, $17.27, $17.27, $17.0242
11/10/2017, $17.11, 19965, $17.24, $17.35, $17.11
11/09/2017, $17.23, 38745, $17.28, $17.36, $17.14
11/08/2017, $17.28, 69979, $17.49, $17.5, $17.16
11/07/2017, $17.42, 30955, $17.35, $17.46, $17.3
11/06/2017, $17.32, 40471, $17.5, $17.52, $17.29
11/03/2017, $17.23, 18906, $17.15, $17.3857, $17.12
11/02/2017, $17.13, 26288, $17.25, $17.25, $17.11
11/01/2017, $17.14, 41010, $17.09, $17.14, $17.09
10/31/2017, $17.09, 67681, $17.2, $17.2501, $16.95
10/30/2017, $17.12, 26893, $17.2, $17.25, $17.1
10/27/2017, $17.21, 70604, $17.3, $17.3, $17.01
10/26/2017, $17.2057, 47329, $17.44, $17.46, $17.2
10/25/2017, $17.34, 45885, $17.45, $17.54, $17.2
10/24/2017, $17.41, 38235, $17.51, $17.51, $17.31
10/23/2017, $17.44, 45231, $17.69, $17.69, $17.4
10/20/2017, $17.58, 45984, $17.61, $17.67, $17.46
10/19/2017, $17.68, 29689, $17.75, $17.75, $17.61
10/18/2017, $17.75, 34263, $17.95, $17.95, $17.62
10/17/2017, $17.87, 33381, $18, $18, $17.75
10/16/2017, $17.8953, 42271, $17.94, $17.94, $17.79
10/13/2017, $17.99, 38000, $17.95, $18.21, $17.8828
10/12/2017, $17.98, 21918, $17.96, $17.987, $17.82
10/11/2017, $17.95, 36344, $18.07, $18.07, $17.89
10/10/2017, $17.95, 24933, $18.11, $18.249, $17.91
10/09/2017, $17.95, 30152, $18.22, $18.22, $17.93
10/06/2017, $17.92, 58068, $18.15, $18.34, $17.8818
10/05/2017, $18.04, 41473, $18.12, $18.12, $17.9
10/04/2017, $18, 18263, $18.05, $18.05, $17.88
10/03/2017, $17.99, 21019, $17.97, $17.99, $17.8296
10/02/2017, $17.95, 57945, $18, $18, $17.843
09/29/2017, $17.96, 57287, $17.99, $17.99, $17.74
09/28/2017, $17.92, 42712, $17.9, $18.08, $17.62
09/27/2017, $17.79, 29476, $18, $18.26, $17.71
09/26/2017, $17.9992, 34073, $18.02, $18.21, $17.85
09/25/2017, $18.1, 30488, $18.15, $18.2, $17.83
09/22/2017, $18.06, 35626, $18.14, $18.27, $17.9469
09/21/2017, $18.13, 13566, $18.14, $18.14, $17.91
09/20/2017, $18.14, 42654, $18.08, $18.14, $18.02
09/19/2017, $18.07, 67914, $18, $18.09, $17.95
09/18/2017, $18.01, 77903, $17.9, $18.02, $17.9
09/15/2017, $17.9, 91433, $17.65, $17.9274, $17.51
09/14/2017, $17.68, 371027, $18.4, $18.4471, $17.43
09/13/2017, $19.041, 14945, $19.2, $19.3, $18.9
09/12/2017, $19.15, 36430, $19.05, $19.52, $19
09/11/2017, $19.03, 37425, $18.95, $19.03, $18.861
09/08/2017, $18.88, 18426, $18.94, $18.9498, $18.81
09/07/2017, $18.88, 29458, $18.79, $18.88, $18.7
09/06/2017, $18.7298, 15413, $18.79, $18.79, $18.6901
09/05/2017, $18.69, 17341, $18.72, $18.78, $18.6
09/01/2017, $18.69, 5958, $18.73, $18.73, $18.66
08/31/2017, $18.62, 17387, $18.71, $18.71, $18.53
08/30/2017, $18.51, 48895, $18.29, $18.79, $18.29
08/29/2017, $18.33, 25954, $18.33, $18.4752, $18.13
08/28/2017, $18.21, 26601, $18.5, $18.62, $18.15
08/25/2017, $18.35, 13225, $18.53, $18.65, $18.35
08/24/2017, $18.49, 29085, $18.46, $18.65, $18.26
08/23/2017, $18.45, 23181, $18.26, $18.54, $18.26
08/22/2017, $18.26, 13630, $18.21, $18.43, $18.21
08/21/2017, $18.25, 14175, $18.32, $18.5, $18.1721
08/18/2017, $18.34, 41076, $18.34, $18.34, $18.12
08/17/2017, $18.48, 26628, $18.64, $18.64, $18.36
08/16/2017, $18.585, 24379, $18.39, $18.59, $18.28
08/15/2017, $18.3, 21944, $18.25, $18.4605, $18.25
08/14/2017, $18.17, 40531, $18.05, $18.39, $18.01
08/11/2017, $17.91, 26227, $17.96, $18.0621, $17.83
08/10/2017, $17.94, 43207, $18.5, $18.57, $17.94
08/09/2017, $18.78, 29367, $18.79, $18.79, $18.4985
08/08/2017, $18.78, 12629, $18.6, $18.789, $18.39
08/07/2017, $18.49, 17521, $18.49, $18.61, $18.49
08/04/2017, $18.4, 38604, $18.53, $18.76, $18.39
08/03/2017, $18.49, 32120, $18.8, $18.8, $18.3319
08/02/2017, $18.8, 30146, $18.56, $18.8, $18.4286
08/01/2017, $18.54, 39834, $18.4, $18.5999, $18.4
07/31/2017, $18.46, 34171, $18.31, $18.47, $18.15
07/28/2017, $18.28, 11785, $18.42, $18.4752, $18.25
07/27/2017, $18.365, 29809, $18.42, $18.45, $18.33
07/26/2017, $18.34, 30678, $18.3, $18.44, $18.25
07/25/2017, $18.24, 22401, $18.34, $18.4041, $18.18
07/24/2017, $18.32, 45061, $18.39, $18.47, $18.26
07/21/2017, $18.37, 25737, $18.45, $18.45, $18.25
07/20/2017, $18.39, 17242, $18.39, $18.39, $18.3
07/19/2017, $18.31, 48354, $18.36, $18.37, $18.16
07/18/2017, $18.42, 71009, $18.47, $18.7223, $18.2
07/17/2017, $18.85, 28342, $18.6, $18.85, $18.3623
07/14/2017, $18.52, 40982, $18.65, $18.65, $18.4185
07/13/2017, $18.46, 37370, $18.5, $18.5, $18.1933
07/12/2017, $18.29, 39147, $18.49, $18.5223, $18.29
07/11/2017, $18.37, 64724, $18.45, $18.47, $18.15
07/10/2017, $18.3, 40364, $18.38, $18.4685, $18.121
07/07/2017, $18.17, 14340, $18.32, $18.36, $18.09
07/06/2017, $18.23, 34795, $18.38, $18.519, $18.22
07/05/2017, $18.33, 18492, $18.5, $18.5, $18.22
07/03/2017, $18.22, 10133, $18.57, $18.6, $18.22
06/30/2017, $18.09, 43774, $18.29, $18.38, $18
06/29/2017, $18.06, 36853, $18.47, $18.47, $17.9
06/28/2017, $18.1742, 23496, $18.47, $18.512, $18.16
06/27/2017, $18.25, 25878, $18.2, $18.25, $18.05
06/26/2017, $18.15, 32343, $18.26, $18.4617, $18.02
06/23/2017, $18.12, 20600, $17.94, $18.37, $17.94
06/22/2017, $17.85, 48454, $18.16, $18.23, $17.85
06/21/2017, $17.95, 23729, $18.34, $18.45, $17.95
06/20/2017, $18.15, 30859, $18.65, $18.65, $18.15
06/19/2017, $18.3469, 21764, $18.65, $18.65, $18.3469
06/16/2017, $18.31, 31555, $18.62, $18.65, $18.31
06/15/2017, $18.31, 51721, $18.59, $18.65, $18.22
06/14/2017, $18.84, 34366, $18.46, $18.88, $18.3401
06/13/2017, $18.4, 71813, $18.13, $18.4697, $18.01
06/12/2017, $18.13, 76169, $18.1, $18.26, $17.75
06/09/2017, $17.91, 67635, $17.78, $18.1, $17.62
06/08/2017, $17.72, 75514, $17.91, $17.999, $17.72
06/07/2017, $17.8, 51848, $17.91, $18.09, $17.79
06/06/2017, $17.7992, 56778, $18.16, $18.42, $17.66
06/05/2017, $18.12, 80256, $18.08, $18.15, $17.8167
06/02/2017, $18.2, 66575, $18, $18.2, $17.73
06/01/2017, $17.76, 31366, $17.61, $17.76, $17.61
05/31/2017, $17.63, 27527, $17.66, $17.702, $17.5996
05/30/2017, $17.67, 14950, $17.64, $17.7316, $17.4806
05/26/2017, $17.62, 35070, $17.66, $17.68, $17.56
05/25/2017, $17.6, 50196, $17.77, $17.77, $17.56
05/24/2017, $17.66, 14736, $17.6, $17.71, $17.5901
05/23/2017, $17.65, 43456, $17.66, $17.68, $17.46
05/22/2017, $17.55, 17445, $17.44, $17.63, $17.39
05/19/2017, $17.4599, 16207, $17.33, $17.47, $17.33
05/18/2017, $17.35, 27820, $17.27, $17.37, $17.26
05/17/2017, $17.4, 40436, $17.44, $17.4788, $17.26
05/16/2017, $17.53, 36105, $17.59, $17.62, $17.48
05/15/2017, $17.56, 50858, $17.71, $17.71, $17.42
05/12/2017, $17.66, 27119, $17.61, $17.66, $17.5718
05/11/2017, $17.59, 64740, $17.86, $17.86, $17.56
05/10/2017, $17.81, 22599, $17.75, $17.93, $17.61
05/09/2017, $17.68, 18316, $17.76, $17.94, $17.67
05/08/2017, $17.67, 45851, $17.77, $17.99, $17.55
05/05/2017, $17.71, 30231, $17.59, $17.8, $17.5501
05/04/2017, $17.54, 30031, $17.58, $17.67, $17.54
05/03/2017, $17.6, 44470, $17.97, $18.05, $17.55
05/02/2017, $17.91, 27084, $17.91, $17.97, $17.84
05/01/2017, $17.84, 36197, $17.88, $18, $17.76
04/28/2017, $17.94, 34084, $17.94, $17.94, $17.7
04/27/2017, $17.99, 27962, $17.7, $17.99, $17.6
04/26/2017, $17.6, 53876, $17.69, $17.76, $17.44
04/25/2017, $17.61, 35297, $17.69, $17.75, $17.57
04/24/2017, $17.61, 34987, $17.78, $17.78, $17.56
04/21/2017, $17.575, 35975, $17.55, $17.661, $17.4789
04/20/2017, $17.544, 32357, $17.6, $17.6, $17.503
04/19/2017, $17.56, 29281, $17.7, $17.85, $17.54
04/18/2017, $17.55, 28422, $17.55, $17.681, $17.49
04/17/2017, $17.53, 29998, $17.49, $17.5692, $17.35
04/13/2017, $17.36, 19154, $17.44, $17.46, $17.36
04/12/2017, $17.29, 25102, $17.35, $17.3798, $17.27
04/11/2017, $17.4, 28556, $17.45, $17.45, $17.31
04/10/2017, $17.33, 25136, $17.21, $17.4, $17.21
04/07/2017, $17.11, 18522, $17.12, $17.25, $17.08
04/06/2017, $17.04, 18474, $17.22, $17.25, $17
04/05/2017, $17.05, 22738, $17.38, $17.44, $17.05
04/04/2017, $17.225, 15813, $17.31, $17.31, $17.15
04/03/2017, $17.22, 50083, $17.49, $17.49, $17.04
03/31/2017, $17.54, 37359, $16.87, $17.54, $16.87
03/30/2017, $16.96, 31953, $16.82, $16.99, $16.798
03/29/2017, $16.83, 29597, $16.92, $16.92, $16.71
03/28/2017, $16.82, 22395, $16.77, $16.94, $16.77
03/27/2017, $16.72, 16608, $16.84, $16.84, $16.698
03/24/2017, $16.86, 11914, $16.85, $16.87, $16.6848
03/23/2017, $16.75, 20119, $16.7, $16.8, $16.7
03/22/2017, $16.65, 32689, $16.81, $16.81, $16.6
03/21/2017, $16.81, 23238, $16.82, $16.85, $16.6701
03/20/2017, $16.73, 9564, $16.8, $16.85, $16.665
03/17/2017, $16.69, 17647, $16.72, $16.84, $16.5859
03/16/2017, $16.61, 11039, $16.62, $16.84, $16.5801
03/15/2017, $16.81, 27385, $16.7, $16.92, $16.64
03/14/2017, $16.63, 21822, $16.56, $16.76, $16.56
03/13/2017, $16.64, 22276, $16.93, $16.93, $16.64
03/10/2017, $16.84, 16419, $16.8, $16.85, $16.58
03/09/2017, $16.72, 34212, $16.92, $16.98, $16.72
03/08/2017, $16.95, 37318, $16.98, $16.99, $16.86
03/07/2017, $16.95, 19076, $17.02, $17.02, $16.9
03/06/2017, $16.91, 16585, $17.1, $17.1434, $16.85
03/03/2017, $17.09, 19840, $17.17, $17.17, $17.09
03/02/2017, $17.1, 96796, $17.17, $17.22, $17.05
03/01/2017, $17.12, 48009, $17.16, $17.23, $17.12
02/28/2017, $17.15, 46504, $17.15, $17.1899, $17.002
02/27/2017, $17.11, 54843, $17.05, $17.17, $16.884
02/24/2017, $16.96, 32101, $16.97, $17.0299, $16.85
02/23/2017, $16.93, 28930, $16.92, $17.095, $16.88
02/22/2017, $16.8783, 14648, $16.91, $16.98, $16.86
02/21/2017, $16.89, 40092, $16.96, $16.98, $16.86
02/17/2017, $16.9, 30364, $16.83, $16.9, $16.761
02/16/2017, $16.85, 15020, $16.73, $16.91, $16.6337
02/15/2017, $16.83, 72952, $16.85, $16.94, $16.64
02/14/2017, $16.81, 44819, $16.85, $16.88, $16.72
02/13/2017, $16.88, 42843, $16.9, $16.99, $16.812
02/10/2017, $16.87, 54235, $16.77, $16.87, $16.72
02/09/2017, $16.77, 39351, $16.74, $16.83, $16.74
02/08/2017, $16.75, 83869, $16.75, $16.89, $16.7
02/07/2017, $16.72, 33975, $16.8, $16.86, $16.71
02/06/2017, $16.8, 35433, $16.87, $16.99, $16.78
02/03/2017, $16.81, 36557, $16.88, $16.93, $16.7312
02/02/2017, $16.8199, 52093, $16.83, $16.92, $16.72
02/01/2017, $16.81, 52261, $16.6, $16.84, $16.5559
01/31/2017, $16.66, 41626, $16.46, $16.7526, $16.46
01/30/2017, $16.32, 99258, $16.52, $16.52, $16.32
01/27/2017, $16.44, 27856, $16.39, $16.45, $16.39
01/26/2017, $16.4, 45124, $16.38, $16.44, $16.33
01/25/2017, $16.36, 74203, $16.33, $16.37, $16.25
01/24/2017, $16.34, 35079, $16.25, $16.3892, $16.25
01/23/2017, $16.31, 32099, $16.16, $16.31, $16.12
01/20/2017, $16.15, 24434, $16.17, $16.22, $16.14
01/19/2017, $16.2, 22114, $16.37, $16.37, $16.16
01/18/2017, $16.4, 40880, $16.24, $16.4, $16.2
01/17/2017, $16.28, 41325, $16.23, $16.36, $16.15
01/13/2017, $16.14, 21869, $16.11, $16.17, $16.06
01/12/2017, $16.17, 20581, $16.03, $16.17, $16.01
01/11/2017, $16.22, 83318, $16.14, $16.28, $16.12
01/10/2017, $16.19, 62085, $16.37, $16.44, $16.19
01/09/2017, $16.36, 41844, $16.36, $16.51, $16.3235
01/06/2017, $16.45, 36608, $16.26, $16.47, $16.26
01/05/2017, $16.34, 32948, $16.3, $16.3981, $16.21
01/04/2017, $16.31, 42591, $16.12, $16.31, $16.12
01/03/2017, $16.11, 45049, $16.08, $16.1168, $16.01
12/30/2016, $15.96, 43713, $15.88, $15.98, $15.8419
12/29/2016, $15.86, 111174, $15.97, $16.01, $15.75
12/28/2016, $15.85, 46136, $15.86, $15.95, $15.8
12/27/2016, $15.96, 49300, $15.97, $16.07, $15.88
12/23/2016, $15.98, 60901, $15.98, $16.15, $15.75
12/22/2016, $16.08, 66916, $16.09, $16.15, $15.95
12/21/2016, $16.13, 39676, $15.99, $16.15, $15.919
12/20/2016, $16.08, 35983, $15.96, $16.08, $15.821
12/19/2016, $15.98, 23018, $15.92, $16.1, $15.92
12/16/2016, $15.9, 18173, $15.87, $16.01, $15.86
12/15/2016, $15.9, 46594, $15.83, $16.08, $15.81
12/14/2016, $16.0108, 29743, $16.24, $16.29, $15.97
12/13/2016, $16.23, 26348, $16.19, $16.26, $16.03
12/12/2016, $16.19, 62431, $16, $16.21, $15.8401
12/09/2016, $16.06, 73013, $16.26, $16.28, $15.95
12/08/2016, $16.19, 33205, $16.26, $16.2737, $16.12
12/07/2016, $16.32, 23025, $16.24, $16.3332, $16.161
12/06/2016, $16.27, 43236, $16, $16.27, $15.98
12/05/2016, $16, 32547, $16.03, $16.2341, $15.98
12/02/2016, $16.05, 33250, $16, $16.25, $15.9895
12/01/2016, $15.99, 29291, $16.29, $16.29, $15.982
11/30/2016, $16.38, 46759, $16.24, $16.42, $16.13
11/29/2016, $16.28, 34153, $16.23, $16.303, $16.16
11/28/2016, $16.23, 32325, $16.21, $16.26, $16.1201
11/25/2016, $16.2, 2715, $16, $16.2, $16
11/23/2016, $16.01, 8919, $15.86, $16.09, $15.86
11/22/2016, $15.945, 33818, $15.8, $15.97, $15.78
11/21/2016, $15.74, 53299, $15.7, $15.937, $15.6801
11/18/2016, $15.69, 40257, $15.54, $15.76, $15.5
11/17/2016, $15.61, 27045, $15.76, $15.889, $15.59
11/16/2016, $15.7601, 26039, $15.86, $16.02, $15.7601
11/15/2016, $15.78, 46554, $15.63, $15.987, $15.57
11/14/2016, $15.6193, 28603, $15.8, $15.81, $15.47
11/11/2016, $15.8, 19509, $15.84, $15.91, $15.74
11/10/2016, $15.8911, 67754, $16.08, $16.3359, $15.585
11/09/2016, $16.27, 39625, $15.98, $16.27, $15.88
11/08/2016, $16.23, 41874, $16.17, $16.35, $16.14
11/07/2016, $16.25, 11287, $16.18, $16.295, $16.14
11/04/2016, $16.1001, 11393, $16.05, $16.16, $16
11/03/2016, $16.02, 32205, $16.2, $16.22, $15.8
11/02/2016, $16.13, 55390, $16.33, $16.33, $15.97
11/01/2016, $16.42, 13193, $16.66, $16.66, $16.3456
10/31/2016, $16.62, 20273, $16.7, $16.7, $16.49
10/28/2016, $16.7, 20934, $16.41, $16.73, $16.41
10/27/2016, $16.49, 60178, $16.95, $16.95, $16.47
10/26/2016, $16.95, 22030, $16.99, $17.02, $16.79
10/25/2016, $16.99, 17733, $16.9, $17.02, $16.88
10/24/2016, $16.93, 38666, $16.88, $16.94, $16.8
10/21/2016, $16.83, 15964, $16.85, $16.949, $16.8
10/20/2016, $16.75, 17636, $17, $17.0042, $16.75
10/19/2016, $17, 24447, $17.04, $17.04, $16.96
10/18/2016, $17.07, 25042, $16.97, $17.1414, $16.9501
10/17/2016, $16.96, 12363, $17.08, $17.13, $16.96
10/14/2016, $17.11, 10267, $17.16, $17.16, $17.01
10/13/2016, $17.13, 17000, $16.95, $17.13, $16.95
10/12/2016, $17.2099, 21343, $17.11, $17.2099, $17.01
10/11/2016, $17.06, 19276, $17.18, $17.2058, $17.06
10/10/2016, $17.29, 28222, $17.27, $17.4565, $17.21
10/07/2016, $17.23, 14200, $17.32, $17.4399, $17.16
10/06/2016, $17.32, 32762, $17.44, $17.4806, $17.27
10/05/2016, $17.47, 21664, $17.64, $17.64, $17.36
10/04/2016, $17.52, 51554, $17.58, $17.66, $17.32
10/03/2016, $17.59, 12800, $17.65, $17.6775, $17.4981
09/30/2016, $17.6511, 14440, $17.55, $17.68, $17.5201
09/29/2016, $17.59, 34909, $17.67, $17.67, $17.45
09/28/2016, $17.6, 18443, $17.55, $17.662, $17.475
09/27/2016, $17.5299, 20780, $17.48, $17.58, $17.41
09/26/2016, $17.43, 26335, $17.52, $17.6, $17.31
09/23/2016, $17.55, 32087, $17.69, $17.69, $17.46
09/22/2016, $17.59, 51133, $17.52, $17.69, $17.51
09/21/2016, $17.46, 34298, $17.42, $17.47, $17.26
09/20/2016, $17.4, 17242, $17.55, $17.55, $17.33
09/19/2016, $17.46, 18454, $17.45, $17.5499, $17.44
09/16/2016, $17.4, 26356, $17.5, $17.5127, $17.21
09/15/2016, $17.47, 28964, $17.59, $17.61, $17.32
09/14/2016, $17.66, 13260, $17.79, $18.0312, $17.64
09/13/2016, $17.81, 29326, $17.95, $17.957, $17.7
09/12/2016, $18.11, 25356, $17.83, $18.11, $17.7601
09/09/2016, $17.81, 94148, $18.06, $18.06, $17.78
09/08/2016, $18.09, 18248, $18.06, $18.14, $18.02
09/07/2016, $18.13, 18684, $18.14, $18.14, $18.0403
09/06/2016, $18.06, 31049, $18, $18.09, $18
09/02/2016, $17.85, 19467, $17.8, $17.96, $17.79
09/01/2016, $17.8, 13350, $17.82, $17.89, $17.71
08/31/2016, $17.8499, 26892, $17.84, $17.8899, $17.7
08/30/2016, $17.85, 29924, $17.83, $17.9199, $17.7973
08/29/2016, $17.94, 11153, $17.76, $17.94, $17.75
08/26/2016, $17.75, 23918, $17.85, $18, $17.75
08/25/2016, $17.85, 52796, $17.87, $17.97, $17.81
08/24/2016, $17.85, 36286, $17.9, $17.9, $17.81
08/23/2016, $17.85, 15668, $17.83, $17.9, $17.83
08/22/2016, $17.78, 12760, $17.69, $17.78, $17.63
08/19/2016, $17.61, 9886, $17.52, $17.62, $17.5
08/18/2016, $17.62, 8346, $17.48, $17.62, $17.48
08/17/2016, $17.5, 30257, $17.63, $17.6572, $17.47
08/16/2016, $17.71, 33492, $17.82, $17.82, $17.55
08/15/2016, $17.86, 11037, $17.81, $17.86, $17.75
08/12/2016, $17.81, 19539, $17.77, $17.858, $17.66
08/11/2016, $17.7299, 11834, $17.61, $17.7299, $17.57
08/10/2016, $17.76, 33906, $17.69, $17.78, $17.6
08/09/2016, $17.63, 21507, $17.55, $17.66, $17.55
08/08/2016, $17.5301, 21887, $17.71, $17.717, $17.52
08/05/2016, $17.61, 39980, $17.7, $17.79, $17.58
08/04/2016, $17.66, 38682, $17.7, $17.829, $17.64
08/03/2016, $17.69, 25331, $17.68, $17.76, $17.64
08/02/2016, $17.68, 82583, $17.75, $17.83, $17.65
08/01/2016, $17.95, 37435, $18.05, $18.05, $17.86
07/29/2016, $18.08, 33667, $17.9, $18.11, $17.8301
07/28/2016, $18, 29885, $17.99, $18, $17.82
07/27/2016, $17.93, 34313, $17.84, $17.93, $17.7
07/26/2016, $17.76, 12685, $17.72, $17.77, $17.71
07/25/2016, $17.75, 35904, $17.84, $17.84, $17.59
07/22/2016, $17.77, 31706, $17.63, $17.82, $17.62
07/21/2016, $17.7, 38024, $17.74, $17.74, $17.572
07/20/2016, $17.67, 46028, $17.65, $17.7851, $17.59
07/19/2016, $17.58, 38963, $17.67, $17.76, $17.495
07/18/2016, $17.71, 25360, $17.72, $17.75, $17.61
07/15/2016, $17.61, 37609, $17.81, $17.83, $17.48
07/14/2016, $17.83, 41001, $17.66, $17.84, $17.54
07/13/2016, $17.8, 39151, $17.76, $17.81, $17.68
07/12/2016, $17.74, 32010, $17.9, $17.9, $17.67
07/11/2016, $17.81, 26613, $17.87, $18.02, $17.7684
07/08/2016, $17.82, 23776, $17.6, $17.84, $17.57
07/07/2016, $17.6, 30728, $17.68, $17.9044, $17.5601
07/06/2016, $17.73, 26122, $17.73, $17.85, $17.7
07/05/2016, $17.845, 20183, $17.76, $17.96, $17.7201
07/01/2016, $17.7165, 11660, $17.79, $17.97, $17.67
06/30/2016, $17.7, 23284, $17.65, $17.8099, $17.59
06/29/2016, $17.58, 45343, $18.21, $18.21, $17.5
06/28/2016, $17.941, 30758, $17.98, $18.0999, $17.7
06/27/2016, $17.67, 21950, $17.8, $18.05, $17.47
06/24/2016, $17.77, 32019, $17.63, $17.97, $17.63
06/23/2016, $17.78, 25704, $18.08, $18.13, $17.7
06/22/2016, $17.83, 36352, $18.1, $18.19, $17.76
06/21/2016, $18.05, 23168, $18.25, $18.25, $17.8
06/20/2016, $18.02, 25841, $18.28, $18.48, $17.7301
06/17/2016, $18.2376, 28436, $17.95, $18.56, $17.95
06/16/2016, $17.98, 29042, $18.01, $18.095, $17.91
06/15/2016, $18.195, 24175, $18.39, $18.39, $18.1
06/14/2016, $18.28, 21503, $18.15, $18.38, $17.93
06/13/2016, $18.2, 18263, $18.14, $18.3699, $18.045
06/10/2016, $18.29, 68227, $17.98, $18.44, $17.805
06/09/2016, $18, 20364, $17.94, $18, $17.76
06/08/2016, $17.82, 15074, $17.77, $17.92, $17.7401
06/07/2016, $17.83, 19762, $18.1, $18.13, $17.6947
06/06/2016, $18.11, 28515, $18.14, $18.26, $17.9999
06/03/2016, $17.97, 21067, $17.65, $17.97, $17.65
06/02/2016, $17.6237, 18534, $17.41, $17.6381, $17.3
06/01/2016, $17.345, 16381, $17.38, $17.38, $17.12
05/31/2016, $17.39, 14236, $17.23, $17.41, $17.23
05/27/2016, $17.24, 16426, $17.19, $17.33, $17.06
05/26/2016, $17.208, 16659, $17.16, $17.31, $16.82
05/25/2016, $17.02, 16711, $16.83, $17.03, $16.83
05/24/2016, $16.82, 21851, $16.79, $16.95, $16.75
05/23/2016, $16.7229, 22109, $16.66, $16.8, $16.635
05/20/2016, $16.58, 21151, $16.62, $16.755, $16.46
05/19/2016, $16.48, 39207, $16.71, $16.78, $16.39
05/18/2016, $16.7, 11138, $16.76, $16.95, $16.5801
05/17/2016, $16.6938, 12788, $16.81, $16.9, $16.67
05/16/2016, $16.81, 20017, $16.69, $16.9, $16.69
05/13/2016, $16.8, 26361, $16.82, $16.83, $16.6
05/12/2016, $16.83, 38633, $16.89, $17.01, $16.7
05/11/2016, $16.9405, 15307, $17.11, $17.11, $16.85
05/10/2016, $17.07, 26361, $17.26, $17.2985, $17.07
05/09/2016, $17.09, 11161, $17.3, $17.35, $17.09
05/06/2016, $17.25, 28646, $17.23, $17.3, $17.23
05/05/2016, $17.21, 12247, $17.3, $17.3, $17.21
05/04/2016, $17.3, 6272, $17.22, $17.3, $17.2135
05/03/2016, $17.277, 8616, $17.22, $17.279, $17.03
05/02/2016, $17.29, 19724, $17.2, $17.3, $17.055
04/29/2016, $17.17, 18070, $17.36, $17.39, $17.1014
04/28/2016, $17.2201, 49928, $17.29, $17.43, $17.19
04/27/2016, $17.18, 22487, $16.99, $17.21, $16.94
04/26/2016, $17, 40384, $16.73, $17, $16.73
04/25/2016, $16.7, 14372, $16.77, $16.77, $16.68
04/22/2016, $16.7141, 10615, $16.72, $16.72, $16.67
04/21/2016, $16.6079, 11702, $16.76, $16.76, $16.56
04/20/2016, $16.67, 32513, $16.73, $16.77, $16.63
04/19/2016, $16.72, 13989, $16.72, $16.816, $16.7
04/18/2016, $16.7501, 39072, $16.77, $16.77, $16.7
04/15/2016, $16.7, 20373, $16.89, $16.89, $16.6
04/14/2016, $16.91, 18638, $16.65, $17, $16.497
04/13/2016, $16.73, 36884, $16.63, $16.99, $16.52
04/12/2016, $16.605, 12326, $16.63, $16.63, $16.45
04/11/2016, $16.487, 20796, $16.66, $16.66, $16.42
04/08/2016, $16.598, 24882, $16.59, $16.63, $16.4405
04/07/2016, $16.39, 25801, $16.54, $16.71, $16.3
04/06/2016, $16.4804, 15573, $16.41, $16.55, $16.3601
04/05/2016, $16.41, 22265, $16.49, $16.575, $16.2701
04/04/2016, $16.5, 20409, $16.53, $16.56, $16.42
04/01/2016, $16.48, 22266, $16.44, $16.5, $16.278
03/31/2016, $16.5, 36445, $16.29, $16.5, $16.2
03/30/2016, $16.29, 20860, $16.2, $16.319, $16.101
03/29/2016, $16.1, 14757, $16.05, $16.16, $16.05
03/28/2016, $16, 22458, $16.08, $16.15, $15.97
03/24/2016, $16.0598, 15619, $16.15, $16.15, $16.04
03/23/2016, $16.11, 23525, $16.19, $16.28, $16.11
03/22/2016, $16.2493, 23216, $16.24, $16.306, $16.15
03/21/2016, $16.23, 17284, $16.33, $16.39, $16.15
03/18/2016, $16.3501, 21800, $16.3, $16.4899, $16.2
03/17/2016, $16.27, 8831, $16.12, $16.27, $16.12
03/16/2016, $16.21, 15345, $16.09, $16.24, $16.0101
03/15/2016, $16.09, 6769, $16.05, $16.1, $16.05
03/14/2016, $16.06, 5947, $16.07, $16.07, $16.0399
03/11/2016, $16.03, 5146, $15.89, $16.06, $15.89
03/10/2016, $15.81, 30363, $15.88, $16.04, $15.79
03/09/2016, $15.9, 13968, $15.99, $15.99, $15.71
03/08/2016, $15.91, 13717, $16.04, $16.045, $15.75
03/07/2016, $16.02, 27155, $15.94, $16.09, $15.68
03/04/2016, $15.99, 7930, $15.89, $16.09, $15.89
03/03/2016, $15.9474, 3981, $15.84, $15.96, $15.818
03/02/2016, $15.81, 22008, $15.63, $15.88, $15.63
03/01/2016, $15.79, 4265, $15.62, $15.79, $15.62
02/29/2016, $15.62, 14568, $15.59, $15.7, $15.415
02/26/2016, $15.577, 25500, $15.54, $15.59, $15.53
02/25/2016, $15.48, 26356, $15.46, $15.49, $15.265
02/24/2016, $15.36, 27350, $15.34, $15.374, $15.18
02/23/2016, $15.361, 14438, $15.32, $15.4, $15.2101
02/22/2016, $15.25, 12356, $15.32, $15.4446, $15.205
02/19/2016, $15.2685, 19188, $15.24, $15.2685, $14.9901
02/18/2016, $15.25, 15191, $15.07, $15.25, $15.04
02/17/2016, $15.07, 11390, $15, $15.13, $15
02/16/2016, $14.97, 25894, $14.76, $15.025, $14.59
02/12/2016, $14.77, 4636, $14.75, $14.7775, $14.66
02/11/2016, $14.6559, 11001, $14.84, $14.84, $14.6559
02/10/2016, $15.04, 12168, $14.95, $15.169, $14.95
02/09/2016, $14.99, 16159, $15.07, $15.07, $14.95
02/08/2016, $15.1158, 14557, $15.52, $15.52, $15.1158
02/05/2016, $15.608, 19940, $15.77, $15.77, $15.58
02/04/2016, $15.73, 15609, $15.79, $15.79, $15.651
02/03/2016, $15.64, 31728, $15.71, $15.71, $15.56
02/02/2016, $15.56, 8285, $15.62, $15.62, $15.46
02/01/2016, $15.73, 14049, $15.57, $15.73, $15.5083
01/29/2016, $15.56, 22389, $15.47, $15.61, $15.444
01/28/2016, $15.36, 32010, $15.31, $15.47, $15.298
01/27/2016, $15.22, 18202, $15.21, $15.34, $15.1483
01/26/2016, $15.23, 26074, $15.17, $15.316, $15.02
01/25/2016, $15.0999, 19173, $15.19, $15.19, $15.01
01/22/2016, $15.2101, 19598, $14.87, $15.25, $14.87
01/21/2016, $14.82, 42889, $14.54, $14.9389, $14.5
01/20/2016, $14.65, 48305, $15.18, $15.195, $14.3116
01/19/2016, $15.3044, 26298, $15.41, $15.45, $15.28
01/15/2016, $15.35, 20727, $15.62, $15.72, $15.25
01/14/2016, $15.83, 17378, $15.9, $15.95, $15.702
01/13/2016, $15.98, 21303, $16.12, $16.21, $15.95
01/12/2016, $16.09, 20663, $16.19, $16.24, $16.07
01/11/2016, $16.21, 12030, $16.44, $16.465, $16.2
01/08/2016, $16.4599, 11052, $16.46, $16.5, $16.4
01/07/2016, $16.48, 18811, $16.53, $16.63, $16.45
01/06/2016, $16.66, 3724, $16.61, $16.73, $16.6
01/05/2016, $16.69, 18202, $16.58, $16.85, $16.57
01/04/2016, $16.56, 19275, $16.56, $16.64, $16.438
12/31/2015, $16.68, 26732, $16.51, $16.72, $16.51
12/30/2015, $16.58, 45083, $16.57, $16.69, $16.55
12/29/2015, $16.7, 54092, $16.53, $16.77, $16.48
12/28/2015, $16.59, 16501, $16.73, $16.81, $16.43
12/24/2015, $16.73, 11842, $16.53, $16.73, $16.45
12/23/2015, $16.61, 39230, $16.32, $16.64, $16.32
12/22/2015, $16.33, 35422, $16.22, $16.38, $16.22
12/21/2015, $16.2799, 13553, $16.13, $16.31, $16.13
12/18/2015, $16.1699, 32179, $16.32, $16.35, $16.053
12/17/2015, $16.2599, 36504, $16.37, $16.37, $16.05
12/16/2015, $16.39, 18295, $16.05, $16.39, $16.05
12/15/2015, $16.07, 26167, $16.09, $16.2, $15.9642
12/14/2015, $15.94, 33697, $15.85, $16.06, $15.791
12/11/2015, $16, 25066, $16.11, $16.2, $16
12/10/2015, $16.25, 33222, $16.31, $16.446, $16.08
12/09/2015, $16.36, 35099, $16.38, $16.5, $16.36
12/08/2015, $16.49, 14222, $16.33, $16.53, $16.32
12/07/2015, $16.45, 8778, $16.55, $16.61, $16.41
12/04/2015, $16.63, 22045, $16.51, $16.64, $16.51
12/03/2015, $16.48, 24701, $16.52, $16.71, $16.48
12/02/2015, $16.55, 38538, $16.77, $16.81, $16.5
12/01/2015, $16.8, 7657, $16.63, $16.8, $16.63
11/30/2015, $16.69, 18865, $16.7, $16.77, $16.6
11/27/2015, $16.71, 13863, $16.8199, $16.8199, $16.6
11/25/2015, $16.698, 45313, $16.62, $16.763, $16.24
11/24/2015, $16.58, 22006, $16.67, $16.67, $16.35
11/23/2015, $16.72, 18413, $16.64, $16.7322, $16.51
11/20/2015, $16.6799, 12492, $16.61, $16.7, $16.61
11/19/2015, $16.61, 13525, $16.62, $16.69, $16.61
11/18/2015, $16.7, 11378, $16.55, $16.7165, $16.45
11/17/2015, $16.57, 11772, $16.64, $16.7, $16.54
11/16/2015, $16.66, 23897, $16.6, $16.71, $16.55
11/13/2015, $16.64, 14850, $16.73, $16.86, $16.6299
11/12/2015, $16.75, 5327, $16.92, $16.92, $16.75
11/11/2015, $17.09, 9884, $17.17, $17.341, $17.04
11/10/2015, $17.19, 12286, $17.08, $17.32, $17.08
11/09/2015, $17.1952, 9820, $17.41, $17.41, $17.11
11/06/2015, $17.39, 13978, $17.48, $17.48, $17.3
11/05/2015, $17.549, 21894, $17.56, $17.63, $17.46
11/04/2015, $17.56, 4500, $17.56, $17.62, $17.56
11/03/2015, $17.563, 12762, $17.81, $17.82, $17.48
11/02/2015, $17.84, 8979, $17.54, $17.84, $17.49
10/30/2015, $17.56, 13809, $17.54, $17.7399, $17.54
10/29/2015, $17.6, 24780, $17.73, $17.8065, $17.55
10/28/2015, $17.67, 10103, $17.62, $17.7, $17.56
10/27/2015, $17.64, 6795, $17.62, $17.67, $17.59
10/26/2015, $17.68, 7092, $17.73, $17.79, $17.58
10/23/2015, $17.76, 8014, $17.94, $17.94, $17.7169
10/22/2015, $17.97, 14093, $17.94, $17.99, $17.9301
10/21/2015, $17.8, 14760, $17.81, $17.81, $17.66
10/20/2015, $17.76, 7523, $17.6, $17.76, $17.6
10/19/2015, $17.556, 3625, $17.5, $17.5844, $17.5
10/16/2015, $17.51, 12179, $17.45, $17.51, $17.3735
10/15/2015, $17.4, 8332, $17.39, $17.4, $17.35
10/14/2015, $17.44, 9336, $17.36, $17.46, $17.36
10/13/2015, $17.37, 3713, $17.43, $17.43, $17.35
10/12/2015, $17.43, 9634, $17.3, $17.502, $17.3
10/09/2015, $17.3, 3123, $17.48, $17.48, $17.27
10/08/2015, $17.49, 11009, $17.36, $17.49, $17.23
10/07/2015, $17.36, 16120, $17.32, $17.522, $17.32
10/06/2015, $17.352, 8164, $17.41, $17.41, $17.16
10/05/2015, $17.36, 8930, $17.2, $17.38, $17.1484
10/02/2015, $17.1601, 16388, $17.15, $17.32, $17.11
10/01/2015, $17.18, 5838, $17.2, $17.25, $17.14
09/30/2015, $17.25, 11153, $17.49, $17.49, $17.1835
09/29/2015, $17.2535, 28500, $17.16, $17.46, $17.16
09/28/2015, $17.22, 12053, $17.4, $17.4001, $17.169
09/25/2015, $17.42, 12667, $17.45, $17.47, $17.33
09/24/2015, $17.46, 21165, $17.39, $17.46, $17.21
09/23/2015, $17.3467, 7397, $17.3001, $17.399, $17.28
09/22/2015, $17.28, 25106, $17.32, $17.37, $17.2
09/21/2015, $17.33, 1875, $17.31, $17.43, $17.31
09/18/2015, $17.31, 11687, $17.2, $17.38, $17.2
09/17/2015, $17.21, 12606, $17.19, $17.323, $17.0801
09/16/2015, $17.14, 9701, $16.99, $17.14, $16.94
09/15/2015, $17.08, 8434, $16.92, $17.08, $16.85
09/14/2015, $16.98, 14584, $16.96, $17.03, $16.91
09/11/2015, $16.88, 12979, $16.95, $17.0499, $16.86
09/10/2015, $16.99, 8018, $16.95, $17.06, $16.95
09/09/2015, $17.03, 21447, $17.18, $17.1899, $17
09/08/2015, $17.19, 15230, $17.22, $17.3, $17.03
09/04/2015, $17.18, 4777, $17.05, $17.2399, $17.05
09/03/2015, $17.11, 6240, $17.25, $17.25, $17.11
09/02/2015, $17.16, 10549, $17.27, $17.42, $17.16
09/01/2015, $17.15, 5389, $17.11, $17.27, $17.11
08/31/2015, $17.194, 9472, $17.65, $17.72, $17.12
08/28/2015, $17.54, 18293, $17.51, $17.676, $17.51
08/27/2015, $17.4, 27664, $17.5, $17.83, $17.2456
08/26/2015, $17.31, 36735, $17.21, $17.41, $16.95
08/25/2015, $16.99, 27979, $17, $17.108, $16.72
08/24/2015, $16.4, 43447, $17.01, $17.01, $15.62
08/21/2015, $17.2046, 18012, $17.25, $17.25, $17.16
08/20/2015, $17.29, 36787, $17.78, $17.78, $17.25
08/19/2015, $17.73, 7220, $17.92, $17.92, $17.67
08/18/2015, $17.89, 13414, $17.81, $17.89, $17.7701
08/17/2015, $17.81, 18505, $17.91, $17.95, $17.79
08/14/2015, $17.95, 4620, $17.99, $18.03, $17.93
08/13/2015, $18.04, 21114, $17.92, $18.06, $17.79
08/12/2015, $17.9801, 31858, $18.04, $18.05, $17.84
08/11/2015, $18.05, 18644, $18.02, $18.0975, $17.99
08/10/2015, $18.0338, 16725, $17.97, $18.04, $17.97
08/07/2015, $17.99, 12163, $18.03, $18.0358, $17.89
08/06/2015, $17.8699, 12863, $18.03, $18.04, $17.78
08/05/2015, $18.01, 21883, $18.15, $18.1804, $18.01
08/04/2015, $18.1001, 9286, $18.08, $18.1699, $18.0501
08/03/2015, $18.0999, 12581, $18.09, $18.17, $18
07/31/2015, $18.14, 27557, $17.92, $18.15, $17.91
07/30/2015, $17.92, 30912, $17.96, $18.04, $17.7
07/29/2015, $17.87, 62259, $18.15, $18.15, $17.73
07/28/2015, $18.1, 57393, $18.25, $18.33, $18.07
07/27/2015, $18.36, 22758, $18.53, $18.78, $18.27
07/24/2015, $18.61, 15278, $18.69, $18.85, $18.54
07/23/2015, $18.65, 11332, $18.64, $18.65, $18.57
07/22/2015, $18.57, 16081, $18.62, $18.73, $18.52
07/21/2015, $18.58, 6730, $18.53, $18.65, $18.52
07/20/2015, $18.67, 12261, $18.48, $18.68, $18.48
07/17/2015, $18.5603, 9332, $18.44, $18.57, $18.44
07/16/2015, $18.46, 18466, $18.6, $18.6, $18.31
07/15/2015, $18.57, 19923, $18.51, $18.61, $18.36
07/14/2015, $18.51, 7245, $18.66, $18.66, $18.42
07/13/2015, $18.53, 8641, $18.88, $18.88, $18.53
07/10/2015, $18.63, 22286, $18.59, $18.68, $18.453
07/09/2015, $18.56, 15162, $18.89, $18.89, $18.4
07/08/2015, $18.63, 11301, $18.58, $18.63, $18.2
07/07/2015, $18.65, 18919, $18.49, $18.69, $18.4272
07/06/2015, $18.42, 27083, $18.26, $18.4899, $18.01
07/02/2015, $18.42, 13853, $18.65, $18.69, $18.38
07/01/2015, $18.45, 8668, $18.82, $18.82, $18.4205
06/30/2015, $18.57, 33772, $18.25, $18.57, $18.16
06/29/2015, $18.26, 26973, $18.63, $18.7397, $18.26
06/26/2015, $18.89, 45204, $19.14, $19.24, $18.61
06/25/2015, $18.99, 12285, $19.32, $19.32, $18.94
06/24/2015, $19.1, 21688, $19.35, $19.45, $19.01
06/23/2015, $19.2141, 8458, $19.36, $19.36, $19.07
06/22/2015, $19.25, 11172, $19.14, $19.28, $19.05
06/19/2015, $19.05, 20954, $19.36, $19.36, $19.03
06/18/2015, $19.27, 10127, $19.32, $19.54, $19.2601
06/17/2015, $19.3, 17632, $19.38, $19.38, $19.16
06/16/2015, $19.48, 20327, $19.75, $19.78, $19.3664
06/15/2015, $19.81, 15337, $19.78, $19.97, $19.51
06/12/2015, $19.96, 25833, $19.86, $20, $19.85
06/11/2015, $19.85, 43131, $19.98, $19.98, $19.52
06/10/2015, $19.8032, 19843, $19.99, $19.99, $19.8
06/09/2015, $19.8, 28955, $19.73, $19.84, $19.68
06/08/2015, $19.75, 48866, $19.66, $19.78, $19.521
06/05/2015, $19.75, 22917, $19.42, $19.77, $19.31
06/04/2015, $19.38, 13928, $19.29, $19.461, $19.29
06/03/2015, $19.41, 7070, $19.4, $19.51, $19.378
06/02/2015, $19.36, 17554, $19.56, $19.56, $19.35
06/01/2015, $19.5337, 11216, $19.57, $19.68, $19.5
05/29/2015, $19.56, 9362, $19.68, $19.68, $19.37
05/28/2015, $19.64, 11378, $19.55, $19.68, $19.515
05/27/2015, $19.52, 19405, $19.52, $19.55, $19.23
05/26/2015, $19.4828, 13898, $19.56, $19.56, $19.45
05/22/2015, $19.46, 9601, $19.44, $19.46, $19.3801
05/21/2015, $19.42, 15657, $19.35, $19.527, $19.31
05/20/2015, $19.31, 16277, $19.44, $19.65, $19.3
05/19/2015, $19.35, 16549, $19.5, $19.51, $19.35
05/18/2015, $19.53, 6750, $19.56, $19.61, $19.5
05/15/2015, $19.56, 16279, $19.6, $19.72, $19.455
05/14/2015, $19.52, 9328, $19.41, $19.52, $19.2946
05/13/2015, $19.47, 13449, $19.51, $19.59, $19.41
05/12/2015, $19.33, 29415, $19.31, $19.45, $19.1099
05/11/2015, $19.5003, 23594, $19.38, $19.6099, $19.38
05/08/2015, $19.35, 22394, $19.6, $19.61, $19.34
05/07/2015, $19.4495, 7273, $19.49, $19.54, $19.417
05/06/2015, $19.46, 12210, $19.47, $19.488, $19.36
05/05/2015, $19.39, 10714, $19.48, $19.48, $19.36
05/04/2015, $19.45, 13291, $19.51, $19.51, $19.28
05/01/2015, $19.529, 6323, $19.34, $19.5399, $19.34
04/30/2015, $19.321, 18919, $19.47, $19.47, $19.2931
04/29/2015, $19.464, 16161, $19.59, $19.64, $19.34
04/28/2015, $19.55, 19778, $19.71, $19.8, $19.49
04/27/2015, $19.6804, 19275, $19.85, $19.99, $19.65
04/24/2015, $19.83, 14281, $19.68, $19.83, $19.5
04/23/2015, $19.64, 32760, $19.63, $19.76, $19.585
04/22/2015, $19.4914, 13670, $19.41, $19.56, $19.41
04/21/2015, $19.39, 16296, $19.42, $19.53, $19.35
04/20/2015, $19.4, 31984, $19.46, $19.5111, $19.29
04/17/2015, $19.42, 13775, $19.58, $19.58, $19.42
04/16/2015, $19.56, 7317, $19.59, $19.59, $19.49
04/15/2015, $19.53, 11793, $19.48, $19.5581, $19.45
04/14/2015, $19.4301, 6868, $19.37, $19.44, $19.37
04/13/2015, $19.39, 25198, $19.55, $19.55, $19.38
04/10/2015, $19.52, 18625, $19.43, $19.55, $19.41
04/09/2015, $19.3907, 13203, $19.6, $19.6, $19.33
04/08/2015, $19.67, 14115, $19.58, $19.74, $19.5
04/07/2015, $19.55, 8593, $19.54, $19.57, $19.47
04/06/2015, $19.51, 25386, $19.45, $19.54, $19.35
04/02/2015, $19.41, 17782, $19.25, $19.43, $19.25
04/01/2015, $19.41, 9257, $19.55, $19.55, $19.41
03/31/2015, $19.48, 19900, $19.58, $19.59, $19.389
03/30/2015, $19.55, 10864, $19.43, $19.58, $19.4101
03/27/2015, $19.42, 10784, $19.57, $19.57, $19.28
03/26/2015, $19.4, 18034, $19.45, $19.46, $19.38
03/25/2015, $19.36, 26920, $19.51, $19.51, $19.266
03/24/2015, $19.41, 19860, $19.63, $19.66, $19.3901
03/23/2015, $19.61, 27955, $19.3, $19.62, $19.3
03/20/2015, $19.5, 27092, $19.43, $19.5, $19.3875
03/19/2015, $19.43, 6609, $19.4, $19.43, $19.3001
03/18/2015, $19.39, 14134, $19.26, $19.42, $19.0975
03/17/2015, $19.25, 27227, $19.4, $19.505, $19.19
03/16/2015, $19.4636, 9979, $19.39, $19.52, $19.339
03/13/2015, $19.3599, 6681, $19.31, $19.3599, $19.29
03/12/2015, $19.28, 18987, $19.27, $19.37, $19.24
03/11/2015, $19.2795, 15401, $19.4, $19.4, $19.2401
03/10/2015, $19.35, 14098, $19.15, $19.48, $19.15
03/09/2015, $19.36, 12388, $19.41, $19.5499, $19.32
03/06/2015, $19.32, 8739, $19.64, $19.64, $19.29
03/05/2015, $19.649, 6192, $19.64, $19.7094, $19.64
03/04/2015, $19.6104, 9240, $19.72, $19.72, $19.57
03/03/2015, $19.6899, 6500, $19.7, $19.7, $19.6201
03/02/2015, $19.6799, 14687, $19.69, $19.78, $19.56
02/27/2015, $19.6, 10649, $19.53, $19.66, $19.5
02/26/2015, $19.49, 18601, $19.74, $19.8012, $19.46
02/25/2015, $19.62, 39611, $19.9, $19.9, $19.62
02/24/2015, $19.88, 40745, $19.89, $19.93, $19.76
02/23/2015, $19.92, 17480, $19.76, $19.99, $19.72
02/20/2015, $19.71, 18102, $19.78, $19.86, $19.69
02/19/2015, $19.682, 21319, $19.67, $19.86, $19.6
02/18/2015, $19.67, 22758, $19.26, $19.6753, $19.26
02/17/2015, $19.37, 13497, $19.57, $19.76, $19.37
02/13/2015, $19.6106, 22021, $19.79, $19.8, $19.6106
02/12/2015, $19.8, 13094, $19.75, $19.82, $19.688
02/11/2015, $19.81, 29309, $19.85, $19.9, $19.66
02/10/2015, $19.86, 13054, $19.9, $19.9, $19.66
02/09/2015, $19.85, 20104, $19.85, $20, $19.8
02/06/2015, $19.89, 36135, $19.92, $19.976, $19.81
02/05/2015, $19.92, 28463, $19.96, $19.96, $19.85
02/04/2015, $19.88, 18153, $19.68, $19.93, $19.68
02/03/2015, $19.67, 17927, $19.66, $19.81, $19.55
02/02/2015, $19.6, 25864, $19.46, $19.61, $19.4
01/30/2015, $19.34, 53825, $19.61, $19.7, $19.33
01/29/2015, $19.57, 40215, $19.54, $19.79, $19.467
01/28/2015, $19.4, 33839, $19.49, $19.61, $19.36
01/27/2015, $19.34, 17891, $19.11, $19.36, $19.11
01/26/2015, $19.2401, 9248, $19.23, $19.27, $19.2
01/23/2015, $19.13, 14691, $19.03, $19.24, $19.03
01/22/2015, $19.2106, 14712, $19.15, $19.24, $18.968
01/21/2015, $19.1, 28423, $19.16, $19.18, $18.99
01/20/2015, $19.1, 14310, $19.14, $19.21, $18.9808
01/16/2015, $19.2, 11857, $19.03, $19.2, $18.9799
01/15/2015, $18.93, 23689, $19.08, $19.129, $18.88
01/14/2015, $19.1057, 22578, $19.04, $19.2, $19.04
01/13/2015, $19.24, 18399, $19.1, $19.24, $19.05
01/12/2015, $19.1404, 13844, $19.24, $19.29, $19.06
01/09/2015, $19.1563, 4862, $19.19, $19.19, $19.1381
01/08/2015, $19.13, 20157, $19.05, $19.16, $19
01/07/2015, $19.05, 22841, $19.02, $19.0998, $18.64
01/06/2015, $18.86, 21777, $18.86, $18.97, $18.81
01/05/2015, $18.82, 21516, $18.86, $18.86, $18.65
01/02/2015, $18.81, 19716, $18.66, $18.88, $18.64
12/31/2014, $18.66, 42626, $18.65, $18.8, $18.65
12/30/2014, $18.73, 32816, $18.89, $18.89, $18.65
12/29/2014, $18.76, 17424, $18.92, $19.098, $18.69
12/26/2014, $18.97, 5983, $18.99, $19.1, $18.894
12/24/2014, $18.9132, 13721, $18.89, $19, $18.74
12/23/2014, $18.82, 36907, $18.68, $18.9, $18.61
12/22/2014, $18.8, 13818, $18.7, $18.99, $18.7
12/19/2014, $18.78, 36297, $18.7, $18.93, $18.6096
12/18/2014, $18.81, 19575, $19, $19, $18.8
12/17/2014, $18.8807, 11845, $18.82, $19.09, $18.82
12/16/2014, $18.87, 15474, $19.07, $19.07, $18.87
12/15/2014, $19.18, 17906, $19.3, $19.3, $19.11
12/12/2014, $19.31, 18791, $19.18, $19.41, $19.15
12/11/2014, $19.25, 17648, $18.92, $19.29, $18.878
12/10/2014, $19.026, 20718, $19, $19.14, $18.962
12/09/2014, $18.99, 9623, $18.84, $18.99, $18.84
12/08/2014, $18.9, 20741, $19.15, $19.22, $18.88
12/05/2014, $19.08, 32087, $19.09, $19.32, $19.02
12/04/2014, $19.08, 36432, $19.34, $19.35, $19.08
12/03/2014, $19.32, 21437, $19.25, $19.33, $19.11
12/02/2014, $19.2, 22874, $19.21, $19.3, $19.11
12/01/2014, $19.26, 11517, $19.12, $19.34, $19.12
11/28/2014, $19.22, 24955, $19.4, $19.52, $19.18
11/26/2014, $19.32, 38084, $19.3, $19.43, $19.2
11/25/2014, $19.28, 20638, $19.22, $19.3, $19.21
11/24/2014, $19.19, 13584, $19.23, $19.28, $19.181
11/21/2014, $19.19, 21313, $19.3, $19.45, $19.19
11/20/2014, $19.3, 42971, $19.34, $19.34, $19.1301
11/19/2014, $19.3, 23185, $19.38, $19.38, $19.253
11/18/2014, $19.29, 19733, $19.26, $19.29, $19.12
11/17/2014, $19.17, 17239, $19.31, $19.31, $19.0901
11/14/2014, $19.29, 45884, $19.44, $19.44, $19.08
11/13/2014, $19.44, 17147, $19.36, $19.5, $19.34
11/12/2014, $19.49, 12673, $19.477, $19.512, $19.35
11/11/2014, $19.54, 29299, $19.59, $19.59, $19.3801
11/10/2014, $19.55, 16000, $19.52, $19.58, $19.45
11/07/2014, $19.49, 10892, $19.44, $19.51, $19.37
11/06/2014, $19.5, 4514, $19.41, $19.521, $19.41
11/05/2014, $19.55, 20469, $19.48, $19.57, $19.41
11/04/2014, $19.54, 17561, $19.51, $19.54, $19.42
11/03/2014, $19.54, 20489, $19.43, $19.54, $19.3201
10/31/2014, $19.34, 28808, $19.32, $19.5, $19.21
10/30/2014, $19.27, 8248, $19.28, $19.41, $19.12
10/29/2014, $19.26, 12315, $19.32, $19.32, $19.08
10/28/2014, $19.23, 28352, $19.35, $19.43, $19.18
10/27/2014, $19.35, 17803, $19.3, $19.35, $19.17
10/24/2014, $19.33, 21231, $19.33, $19.34, $19.169
10/23/2014, $19.34, 20733, $19.2, $19.38, $19.18
10/22/2014, $19.15, 16732, $19.09, $19.175, $18.9
10/21/2014, $18.95, 12355, $18.97, $19, $18.75
10/20/2014, $18.8068, 18338, $18.7, $18.88, $18.587
10/17/2014, $18.691, 33534, $18.85, $19, $18.5401
10/16/2014, $18.79, 14353, $18.07, $18.9, $18.07
10/15/2014, $18.53, 74231, $18.41, $18.67, $17.94
10/14/2014, $18.85, 15475, $18.88, $18.98, $18.78
10/13/2014, $18.94, 9457, $19, $19.03, $18.747
10/10/2014, $18.92, 26970, $18.98, $19.05, $18.8
10/09/2014, $19.2, 17959, $19.15, $19.22, $19.11
10/08/2014, $19.1396, 22813, $19.05, $19.19, $18.95
10/07/2014, $19.08, 21894, $18.92, $19.08, $18.83
10/06/2014, $19.088, 16000, $19.04, $19.18, $19
10/03/2014, $18.88, 21660, $18.93, $18.99, $18.81
10/02/2014, $18.8, 39981, $19.17, $19.19, $18.74
10/01/2014, $19.09, 23838, $18.99, $19.15, $18.99
09/30/2014, $19.05, 17787, $19.07, $19.14, $18.98
09/29/2014, $19.15, 14303, $19, $19.19, $19
09/26/2014, $19.16, 7116, $19.01, $19.16, $18.98
09/25/2014, $18.92, 30766, $19.16, $19.17, $18.92
09/24/2014, $19.17, 20238, $19.14, $19.19, $19.08
09/23/2014, $19.02, 19066, $19.24, $19.29, $18.9301
09/22/2014, $19.23, 10316, $19.23, $19.41, $19.1601
09/19/2014, $19.17, 12746, $19.1, $19.23, $19.1
09/18/2014, $19.12, 31760, $19.47, $19.47, $19.12
09/17/2014, $19.38, 52119, $19.38, $19.58, $19.27
09/16/2014, $19.28, 20136, $19.21, $19.33, $19.17
09/15/2014, $19.13, 25787, $19.3, $19.35, $19.12
09/12/2014, $19.24, 15321, $19.62, $19.62, $19.16
09/11/2014, $19.52, 26056, $19.52, $19.55, $19.43
09/10/2014, $19.6, 33170, $19.65, $19.727, $19.6
09/09/2014, $19.67, 22682, $19.8, $19.8, $19.641
09/08/2014, $19.69, 13373, $19.67, $19.7, $19.64
09/05/2014, $19.68, 15324, $19.65, $19.68, $19.571
09/04/2014, $19.582, 28894, $19.69, $19.69, $19.5801
09/03/2014, $19.66, 11876, $19.69, $19.69, $19.55
09/02/2014, $19.63, 20818, $19.66, $19.67, $19.568
08/29/2014, $19.61, 28724, $19.65, $19.65, $19.5504
08/28/2014, $19.55, 32902, $19.63, $19.66, $19.42
08/27/2014, $19.6055, 33064, $19.64, $19.64, $19.595
08/26/2014, $19.52, 33476, $19.58, $19.58, $19.346
08/25/2014, $19.5, 20512, $19.42, $19.5899, $19.36
08/22/2014, $19.47, 20246, $19.59, $19.59, $19.3729
08/21/2014, $19.59, 31017, $19.64, $19.64, $19.46
08/20/2014, $19.56, 13194, $19.59, $19.59, $19.51
08/19/2014, $19.5, 16060, $19.5, $19.54, $19.41
08/18/2014, $19.4401, 11407, $19.5, $19.5, $19.38
08/15/2014, $19.47, 10611, $19.44, $19.49, $19.41
08/14/2014, $19.3464, 15760, $19.39, $19.39, $19.248
08/13/2014, $19.42, 12191, $19.43, $19.43, $19.35
08/12/2014, $19.36, 45225, $19.33, $19.37, $19.24
08/11/2014, $19.29, 20177, $19.25, $19.29, $19.12
08/08/2014, $19.1, 7176, $19.09, $19.1, $19.057
08/07/2014, $19.01, 7294, $19.08, $19.08, $18.97
08/06/2014, $18.98, 17567, $19.15, $19.15, $18.98
08/05/2014, $19.09, 44099, $19.2, $19.23, $19.05
08/04/2014, $19.16, 17165, $19.11, $19.24, $19.0785
08/01/2014, $19.14, 21520, $19.28, $19.28, $19.02
07/31/2014, $19.19, 31601, $19.17, $19.19, $19.02
07/30/2014, $19.16, 21958, $19.27, $19.32, $19.12
07/29/2014, $19.1799, 11678, $19.19, $19.25, $19.1595
07/28/2014, $19.15, 19011, $19.22, $19.25, $19.13
07/25/2014, $19.14, 38269, $19.31, $19.33, $19.11
07/24/2014, $19.22, 44070, $19.4, $19.44, $19.16
07/23/2014, $19.35, 38874, $19.15, $19.39, $19.15
07/22/2014, $19.23, 39428, $19.27, $19.3, $19.16
07/21/2014, $19.161, 20524, $19.26, $19.32, $19.16
07/18/2014, $19.22, 25158, $19.27, $19.37, $19.21
07/17/2014, $19.26, 57417, $19.63, $19.64, $19.15
07/16/2014, $19.69, 36755, $19.62, $19.857, $19.52
07/15/2014, $19.54, 25130, $19.55, $19.62, $19.51
07/14/2014, $19.59, 44046, $19.19, $19.71, $19.19
07/11/2014, $19.28, 25097, $19.14, $19.3143, $19.11
07/10/2014, $19.09, 21732, $19, $19.14, $19
07/09/2014, $19.08, 18365, $19.1, $19.14, $19.08
07/08/2014, $19.1, 13540, $19.19, $19.19, $19.1
07/07/2014, $19.1975, 19519, $19.21, $19.25, $19.19
07/03/2014, $19.1905, 14379, $19.19, $19.24, $19.09
07/02/2014, $19.14, 18176, $19.1798, $19.19, $19.1101
07/01/2014, $19.23, 17675, $19.17, $19.23, $19.11
06/30/2014, $19.07, 22987, $19.08, $19.1, $19.03
06/27/2014, $19.05, 54856, $18.94, $19.08, $18.88
06/26/2014, $18.85, 34917, $18.86, $18.8816, $18.8
06/25/2014, $18.86, 115689, $18.83, $18.91, $18.68
06/24/2014, $18.89, 55070, $18.92, $19, $18.89
06/23/2014, $18.98, 23951, $18.988, $19, $18.9385
06/20/2014, $19, 47049, $19, $19, $18.86
06/19/2014, $18.95, 47527, $19, $19.06, $18.9
06/18/2014, $18.9999, 29417, $19.039, $19.05, $18.94
06/17/2014, $18.93, 28289, $19.13, $19.19, $18.93
06/16/2014, $19.13, 12753, $19.35, $19.3528, $19.13
06/13/2014, $19.4399, 9001, $19.5401, $19.5401, $19.35
06/12/2014, $19.5655, 23021, $19.4, $19.5655, $19.4
06/11/2014, $19.56, 14558, $19.42, $19.57, $19.42
06/10/2014, $19.45, 15038, $19.45, $19.46, $19.3401
06/09/2014, $19.5139, 17695, $19.71, $19.71, $19.45
06/06/2014, $19.61, 8341, $19.78, $19.78, $19.57
06/05/2014, $19.5875, 23869, $19.3263, $19.61, $19.26
06/04/2014, $19.33, 20788, $19.36, $19.39, $19.29
06/03/2014, $19.31, 11554, $19.26, $19.34, $19.25
06/02/2014, $19.27, 12619, $19.31, $19.3413, $19.25
05/30/2014, $19.2228, 10510, $19.32, $19.3499, $19.22
05/29/2014, $19.28, 18409, $19.26, $19.34, $19.11
05/28/2014, $19.16, 16671, $18.87, $19.17, $18.86
05/27/2014, $18.9152, 11840, $18.87, $18.9899, $18.87
05/23/2014, $18.94, 12510, $18.89, $18.95, $18.85
05/22/2014, $18.82, 24393, $18.85, $18.96, $18.792
05/21/2014, $18.78, 27973, $18.9899, $18.9899, $18.75
05/20/2014, $18.8, 18236, $18.99, $18.99, $18.78
05/19/2014, $18.81, 19709, $18.97, $18.97, $18.81
05/16/2014, $18.88, 14415, $18.86, $18.961, $18.86
05/15/2014, $18.88, 31121, $18.8, $18.959, $18.8
05/14/2014, $18.9899, 38126, $18.911, $19.062, $18.911
05/13/2014, $18.919, 20621, $18.85, $18.9199, $18.85
05/12/2014, $18.88, 34475, $19, $19.11, $18.82
05/09/2014, $18.98, 18341, $18.957, $19, $18.91
05/08/2014, $18.85, 63447, $19, $19.169, $18.81
05/07/2014, $19.1, 31038, $18.9252, $19.1, $18.913
05/06/2014, $18.9785, 11775, $18.83, $18.9899, $18.83
05/05/2014, $18.9432, 7006, $18.9075, $18.9665, $18.8401
05/02/2014, $19, 12174, $18.979, $19, $18.96
05/01/2014, $18.97, 19328, $18.95, $19, $18.9401
04/30/2014, $18.95, 40137, $18.9896, $19.02, $18.9281
04/29/2014, $18.99, 65380, $18.9, $19.05, $18.9
04/28/2014, $18.96, 41890, $18.87, $19.03, $18.87
04/25/2014, $18.86, 42488, $18.72, $18.89, $18.72
04/24/2014, $18.78, 22968, $18.84, $18.85, $18.78
04/23/2014, $18.76, 38506, $18.52, $18.76, $18.52
04/22/2014, $18.58, 16105, $18.62, $18.64, $18.55
04/21/2014, $18.57, 54450, $18.63, $18.66, $18.56
04/17/2014, $18.56, 35083, $18.57, $18.609, $18.45
04/16/2014, $18.51, 76853, $18.38, $18.59, $18.32
04/15/2014, $18.34, 12377, $18.371, $18.56, $18.3
04/14/2014, $18.44, 28901, $18.63, $18.77, $18.361
04/11/2014, $18.618, 40275, $18.5, $18.73, $18.45
04/10/2014, $18.48, 9627, $18.5, $18.5499, $18.45
04/09/2014, $18.649, 23086, $18.58, $18.65, $18.57
04/08/2014, $18.44, 13195, $18.41, $18.44, $18.31
04/07/2014, $18.292, 22037, $18.28, $18.32, $18.25
04/04/2014, $18.25, 45550, $18.21, $18.31, $18.21
04/03/2014, $18.2799, 47606, $18.02, $18.32, $18.02
04/02/2014, $18.1169, 65215, $18.15, $18.25, $18.07
04/01/2014, $18.19, 17167, $18.19, $18.26, $18.13
03/31/2014, $18.26, 43612, $18.15, $18.2917, $18.081
03/28/2014, $18.15, 8232, $18.05, $18.15, $17.9915
03/27/2014, $17.95, 15828, $17.99, $18.0456, $17.94
03/26/2014, $18, 24307, $17.95, $18.03, $17.88
03/25/2014, $17.8699, 30238, $17.89, $17.9899, $17.791
03/24/2014, $17.81, 23707, $17.84, $17.8899, $17.7
03/21/2014, $17.88, 39445, $18.056, $18.1055, $17.82
03/20/2014, $18.1, 24200, $18.04, $18.13, $17.988
03/19/2014, $17.99, 26593, $18.25, $18.29, $17.99
03/18/2014, $18.17, 29733, $17.86, $18.18, $17.86
03/17/2014, $17.931, 31724, $17.85, $17.95, $17.7
03/14/2014, $17.92, 23281, $17.909, $18.04, $17.851
03/13/2014, $17.99, 14343, $18.08, $18.1, $17.9426
03/12/2014, $18.14, 19329, $18.17, $18.2599, $18.1
03/11/2014, $18.29, 21097, $18.3, $18.3099, $18.1614
03/10/2014, $18.2808, 16554, $18.18, $18.3136, $18.1001
03/07/2014, $18.1485, 27527, $18.22, $18.22, $18.12
03/06/2014, $18.22, 27139, $18.5155, $18.5155, $18.11
03/05/2014, $18.394, 26160, $18.4, $18.53, $18.161
03/04/2014, $18.31, 28214, $18.426, $18.46, $18.31
03/03/2014, $18.24, 21619, $18.06, $18.2899, $18.06
02/28/2014, $18.2652, 17528, $18.1656, $18.34, $18.1656
02/27/2014, $18.06, 28078, $18, $18.17, $17.8801
02/26/2014, $17.93, 20240, $17.99, $17.99, $17.74
02/25/2014, $17.969, 14044, $18.22, $18.22, $17.8979
02/24/2014, $18.11, 22537, $18.06, $18.27, $18.0101
02/21/2014, $18.14, 16186, $18.1381, $18.2542, $18.11
02/20/2014, $18.06, 21247, $18.2924, $18.2974, $18.02
02/19/2014, $18.29, 23029, $18.26, $18.3899, $18.12
02/18/2014, $18.29, 85819, $18.12, $18.29, $17.8601
02/14/2014, $18, 26211, $18, $18, $17.892
02/13/2014, $17.96, 49346, $17.63, $17.96, $17.57
02/12/2014, $17.88, 28342, $17.8, $17.909, $17.66
02/11/2014, $17.73, 33517, $17.61, $17.75, $17.5301
02/10/2014, $17.5, 57095, $17.83, $17.899, $17.26
02/07/2014, $17.74, 22105, $17.68, $17.82, $17.6799
02/06/2014, $17.6288, 14025, $17.84, $17.84, $17.55
02/05/2014, $17.62, 19219, $17.64, $17.66, $17.5
02/04/2014, $17.7, 27693, $17.51, $17.709, $17.496
02/03/2014, $17.3, 12120, $17.61, $17.61, $17.2508
01/31/2014, $17.61, 32187, $17.23, $17.69, $17.23
01/30/2014, $17.365, 14950, $17.3, $17.43, $17.23
01/29/2014, $17.21, 33782, $17.24, $17.25, $17.16
01/28/2014, $17.3, 45897, $17.169, $17.3, $17.1
01/27/2014, $17.2, 24110, $17.36, $17.56, $17.2
01/24/2014, $17.38, 39649, $17.37, $17.49, $17.23
01/23/2014, $17.5, 21857, $17.5799, $17.5799, $17.44
01/22/2014, $17.49, 25349, $17.3799, $17.52, $17.3799
01/21/2014, $17.376, 69110, $17.32, $17.48, $17.29
01/17/2014, $17.34, 18844, $17.44, $17.44, $17.321
01/16/2014, $17.37, 34942, $17.58, $17.7799, $17.31
01/15/2014, $17.69, 24273, $17.68, $17.699, $17.4801
01/14/2014, $17.6401, 17237, $17.82, $17.94, $17.59
01/13/2014, $17.69, 16113, $17.55, $17.69, $17.43
01/10/2014, $17.5199, 21079, $17.329, $17.5199, $17.302
01/09/2014, $17.26, 17813, $17.35, $17.35, $17.08
01/08/2014, $17.21, 30704, $17.27, $17.3, $17.19
01/07/2014, $17.23, 56694, $17.3, $17.59, $17.06
01/06/2014, $17.222, 9671, $17.04, $17.27, $17.04
01/03/2014, $17.12, 29367, $16.97, $17.12, $16.97
01/02/2014, $17.16, 29517, $17.05, $17.19, $17.05
12/31/2013, $17.05, 95603, $17, $17.116, $16.92
12/30/2013, $17.1, 89902, $16.98, $17.1, $16.93
12/27/2013, $17.07, 78457, $17.18, $17.18, $16.91
12/26/2013, $17.1354, 54975, $17.19, $17.2999, $17.03
12/24/2013, $17.07, 25615, $17.1, $17.41, $17
12/23/2013, $17.08, 101482, $16.9, $17.17, $16.89
12/20/2013, $16.95, 76341, $16.89, $16.9965, $16.81
12/19/2013, $16.88, 36082, $17.082, $17.082, $16.8501
12/18/2013, $16.97, 38030, $16.89, $17.069, $16.8
12/17/2013, $16.89, 24181, $16.87, $17.04, $16.85
12/16/2013, $16.86, 90024, $17, $17.079, $16.85
12/13/2013, $16.89, 54231, $16.79, $16.949, $16.785
12/12/2013, $16.81, 26928, $16.774, $16.85, $16.749
12/11/2013, $16.846, 27362, $16.81, $16.98, $16.791
12/10/2013, $16.79, 71780, $16.7, $16.91, $16.67
12/09/2013, $16.71, 24915, $16.64, $16.71, $16.64
12/06/2013, $16.71, 59131, $16.54, $16.79, $16.54
12/05/2013, $16.6, 50582, $16.751, $16.798, $16.47
12/04/2013, $16.72, 39217, $16.73, $16.83, $16.5212
12/03/2013, $16.73, 62132, $16.77, $16.899, $16.66
12/02/2013, $16.77, 29397, $16.811, $17.033, $16.7
11/29/2013, $16.8905, 20881, $17.02, $17.02, $16.8
11/27/2013, $16.91, 36159, $16.99, $17.119, $16.82
11/26/2013, $16.9, 69317, $16.78, $16.94, $16.68
11/25/2013, $16.78, 89561, $17.07, $17.134, $16.631
11/22/2013, $17.1, 24035, $17.27, $17.38, $17.04
11/21/2013, $17.2707, 27458, $17.31, $17.435, $17.03
11/20/2013, $17.08, 48188, $17.2755, $17.279, $17.0101
11/19/2013, $17.29, 50503, $17.26, $17.3, $17.11
11/18/2013, $17.36, 26273, $17.4, $17.55, $17.25
11/15/2013, $17.389, 16948, $17.16, $17.4304, $17.16
11/14/2013, $17.12, 25011, $17.45, $17.5001, $17.0701
11/13/2013, $17.56, 15066, $17.5, $17.86, $17.5
11/12/2013, $17.68, 24419, $18.05, $18.2799, $17.68
11/11/2013, $18.289, 4940, $18.05, $18.2987, $18.02
11/08/2013, $18.199, 7030, $18.02, $18.199, $18.02
11/07/2013, $18.05, 12467, $18.09, $18.45, $18.05
11/06/2013, $18.0901, 27519, $18.021, $18.51, $18.02
11/05/2013, $18.01, 20204, $18, $18.03, $17.77
11/04/2013, $18.25, 11834, $18.26, $18.32, $18.16
11/01/2013, $18.04, 14572, $18.083, $18.083, $17.76
10/31/2013, $17.76, 21628, $18.59, $18.59, $17.76
10/30/2013, $17.92, 23669, $18.01, $18.4665, $17.75
10/29/2013, $18.01, 17751, $18.392, $18.392, $18.01
10/28/2013, $17.96, 23424, $17.88, $18.5, $17.88
10/25/2013, $18, 33660, $17.87, $18, $17.7601
10/24/2013, $17.94, 58306, $17.85, $18, $17.551
10/23/2013, $17.846, 40632, $17.49, $17.97, $17.3801
10/22/2013, $17.49, 36749, $17.37, $17.74, $17.37
10/21/2013, $17.37, 14825, $17.31, $17.5099, $17.31
10/18/2013, $17.29, 18070, $17.38, $17.43, $17.201
10/17/2013, $17.35, 33727, $17.25, $17.48, $17.2268
10/16/2013, $17.4, 20203, $17.28, $17.44, $17.25
10/15/2013, $17.25, 25658, $17.15, $17.3035, $17.05
10/14/2013, $17.148, 38361, $17.17, $17.309, $17
10/11/2013, $17.1, 22131, $17.07, $17.35, $17.06
10/10/2013, $17.15, 25966, $17.11, $17.22, $17.01
10/09/2013, $17.02, 121540, $17.02, $17.45, $16.76
10/08/2013, $17.07, 52005, $17.4, $17.53, $17.0101
10/07/2013, $17.5, 23242, $17.74, $17.8475, $17.4
10/04/2013, $17.8699, 22400, $17.512, $17.8799, $17.5
10/03/2013, $17.3, 20014, $17.75, $17.75, $17.05
10/02/2013, $17.55, 10024, $17.682, $17.689, $17.37
10/01/2013, $17.54, 16052, $17.27, $17.6226, $17.27
09/30/2013, $17.82, 5825, $17.512, $17.84, $17.5
09/27/2013, $17.6, 35415, $17.95, $17.95, $17.391
09/26/2013, $17.687, 23979, $17.93, $17.93, $17.55
09/25/2013, $17.49, 22810, $17.51, $17.7, $17.399
09/24/2013, $17.38, 19600, $17.61, $17.66, $17.2
09/23/2013, $17.35, 16028, $17.44, $17.579, $17.35
09/20/2013, $17.6, 20389, $17.39, $17.61, $17.1501
09/19/2013, $17.66, 14865, $17.2, $17.68, $17.2
09/18/2013, $17.35, 27053, $17.27, $17.43, $16.68
09/17/2013, $17.11, 25371, $17.2, $17.2999, $17.11
09/16/2013, $17.2, 46793, $17.25, $17.34, $16.96
09/13/2013, $17.13, 39243, $17.01, $17.2601, $16.9999
09/12/2013, $17.01, 49703, $17.564, $17.6635, $16.89
09/11/2013, $17.765, 23565, $17.79, $18.48, $17.36
09/10/2013, $17.532, 8750, $17.49, $17.75, $17.49
09/09/2013, $17.52, 22052, $17.889, $17.889, $17.12
09/06/2013, $17.69, 11936, $17.52, $17.8899, $17.47
09/05/2013, $17.6, 10138, $17.86, $18.44, $17.27
09/04/2013, $17.95, 5851, $17.68, $17.95, $17.32
09/03/2013, $17.61, 10500, $17.455, $17.86, $17.45
08/30/2013, $17.37, 33242, $17.21, $17.75, $17.17
08/29/2013, $17.3, 20619, $17.8, $17.8899, $17.11
08/28/2013, $17.2801, 21438, $17.1, $17.63, $17.01
08/27/2013, $17.35, 11100, $17.12, $17.48, $17.05
08/26/2013, $17.3, 19863, $17.829, $17.97, $17.26
08/23/2013, $17.41, 14576, $17.449, $17.64, $17.18
08/22/2013, $17.33, 21433, $17.03, $17.87, $17.03
08/21/2013, $17.43, 49582, $18.32, $18.67, $17.1501
08/20/2013, $18.36, 34032, $18.84, $18.84, $18.35
08/19/2013, $18.95, 55548, $18.62, $19, $18.62
08/16/2013, $18.85, 32492, $19.26, $19.38, $18.81
08/15/2013, $19.35, 44324, $19.74, $19.74, $19.33
08/14/2013, $19.98, 56261, $20, $20.25, $19.9
08/13/2013, $19.67, 63818, $19.88, $19.88, $19.43
08/12/2013, $19.79, 31275, $19.94, $19.94, $19.65
08/09/2013, $19.98, 67500, $20, $20.01, $19.84
08/08/2013, $20, 9150, $20.001, $20.04, $20
08/07/2013, $20, 30756, $20.11, $20.11, $20
08/06/2013, $20.07, 63951, $20, $20.2, $20
08/05/2013, $20.1024, 48261, $20.1, $20.18, $20.01
08/02/2013, $20.05, 66381, $20.25, $20.35, $20.03
08/01/2013, $20.05, 20250, $20.026, $20.1, $20
07/31/2013, $20.03, 34100, $20.02, $20.0984, $20
07/30/2013, $20, 63065, $20, $20.02, $20
07/29/2013, $20, 281373, $20, $20.01, $20
07/26/2013, $20, 15500, $20, $20.01, $20
07/25/2013, $20, 40153, $20.2, $20.2101, $20
07/24/2013, $20.3, 36710, $20.37, $20.4, $20.016
07/23/2013, $20.29, 28853, $20.01, $20.37, $20.01
07/22/2013, $20, 7200, $20, $20.01, $20
07/19/2013, $20.01, 2000, $20.01, $20.01, $20.01
07/18/2013, $20, 47526, $20, $20.0001, $19.98
07/17/2013, $20, 19350, $20, $20.0099, $20
07/16/2013, $20, 9455, $20, $20.01, $20
07/15/2013, $20, 6865, $20, $20.01, $20
07/12/2013, $20, 3821, $20.0001, $20.01, $20
07/11/2013, $20.0016, 11800, $20, $20.01, $20
07/10/2013, $20.0007, 3025, $20.01, $20.0199, $20.0007
07/09/2013, $20, 8075, $20.01, $20.01, $20
07/08/2013, $20.01, 39852, $20.03, $20.03, $20
07/05/2013, $20.03, 9398, $20.05, $20.0501, $20
07/03/2013, $20.01, 4118, $20.03, $20.03, $20
07/02/2013, $20.01, 3065, $20.03, $20.03, $20.01
07/01/2013, $20.01, 3110, $20.02, $20.02, $20.01
06/28/2013, $20, 78165, $20, $20.03, $20
06/27/2013, $20, 71130, $20, $20.03, $20
06/26/2013, $20, 218437, $20, $20.0199, $20
