Date, Close/Last, Volume, Open, High, Low
03/24/2021, $2.4, 424336, $2.54, $2.54, $2.36
03/23/2021, $2.53, 249560, $2.45, $2.58, $2.4282
03/22/2021, $2.5, 198961, $2.55, $2.55, $2.41
03/19/2021, $2.48, 1621020, $2.45, $2.53, $2.33
03/18/2021, $2.43, 321958, $2.48, $2.57, $2.38
03/17/2021, $2.51, 247080, $2.44, $2.52, $2.41
03/16/2021, $2.49, 394181, $2.44, $2.53, $2.39
03/15/2021, $2.52, 647595, $2.43, $2.59, $2.4201
03/12/2021, $2.36, 151327, $2.2611, $2.37, $2.2611
03/11/2021, $2.34, 277169, $2.31, $2.35, $2.285
03/10/2021, $2.25, 171136, $2.435, $2.435, $2.25
03/09/2021, $2.29, 150849, $2.25, $2.34, $2.235
03/08/2021, $2.2, 270862, $2.15, $2.27, $2.12
03/05/2021, $2.1, 772736, $2.25, $2.25, $2
03/04/2021, $2.26, 552306, $2.35, $2.37, $2.13
03/03/2021, $2.37, 449963, $2.35, $2.4581, $2.3
03/02/2021, $2.37, 265781, $2.4, $2.45, $2.3
03/01/2021, $2.41, 414580, $2.39, $2.48, $2.31
02/26/2021, $2.31, 293561, $2.29, $2.395, $2.25
02/25/2021, $2.32, 344860, $2.42, $2.4899, $2.31
02/24/2021, $2.42, 271268, $2.5, $2.6128, $2.41
02/23/2021, $2.44, 592652, $2.45, $2.49, $2.2201
02/22/2021, $2.55, 743413, $2.75, $2.76, $2.35
02/19/2021, $2.67, 236013, $2.64, $2.7, $2.58
02/18/2021, $2.63, 392154, $2.69, $2.7, $2.54
02/17/2021, $2.69, 652353, $2.74, $2.78, $2.53
02/16/2021, $2.71, 365518, $2.65, $2.77, $2.605
02/12/2021, $2.64, 268938, $2.65, $2.7, $2.6
02/11/2021, $2.7, 384153, $2.68, $2.72, $2.515
02/10/2021, $2.72, 433178, $2.61, $2.78, $2.6
02/09/2021, $2.68, 803780, $2.89, $2.9099, $2.62
02/08/2021, $2.92, 797387, $2.76, $2.94, $2.71
02/05/2021, $2.68, 713910, $2.54, $2.75, $2.48
02/04/2021, $2.46, 981606, $2.58, $2.6667, $2.26
02/03/2021, $2.42, 784674, $2.29, $2.46, $2.28
02/02/2021, $2.28, 627488, $2.12, $2.28, $2.08
02/01/2021, $2.08, 499479, $1.99, $2.08, $1.94
01/29/2021, $1.96, 933323, $2.07, $2.14, $1.9
01/28/2021, $2.07, 246126, $1.99, $2.07, $1.94
01/27/2021, $1.97, 726497, $2.01, $2.09, $1.93
01/26/2021, $2.07, 522592, $2.14, $2.14, $2.02
01/25/2021, $2.13, 608626, $2.21, $2.235, $2.03
01/22/2021, $2.18, 485156, $2.19, $2.2, $2.14
01/21/2021, $2.22, 291775, $2.17, $2.22, $2.07
01/20/2021, $2.17, 396441, $2.15, $2.2027, $2
01/19/2021, $2.15, 424866, $2.24, $2.24, $2.13
01/15/2021, $2.21, 242091, $2.3, $2.3, $2.12
01/14/2021, $2.23, 309300, $2.25, $2.26, $2.13
01/13/2021, $2.2, 424663, $2.25, $2.3, $2.17
01/12/2021, $2.26, 988753, $2.07, $2.3, $2.07
01/11/2021, $2.06, 470214, $1.99, $2.07, $1.94
01/08/2021, $1.94, 297531, $2, $2.03, $1.92
01/07/2021, $2, 273028, $2.06, $2.06, $1.92
01/06/2021, $2.05, 444716, $1.98, $2.09, $1.93
01/05/2021, $1.98, 345263, $1.89, $1.985, $1.86
01/04/2021, $1.88, 646744, $1.92, $1.9322, $1.79
12/31/2020, $1.93, 223305, $1.92, $1.94, $1.85
12/30/2020, $1.9, 247778, $1.82, $1.92, $1.82
12/29/2020, $1.82, 354859, $1.93, $1.94, $1.7
12/28/2020, $1.94, 370918, $1.85, $1.97, $1.85
12/24/2020, $1.84, 112801, $1.93, $1.93, $1.82
12/23/2020, $1.9, 297838, $1.92, $1.9499, $1.83
12/22/2020, $1.87, 405051, $1.81, $1.9, $1.79
12/21/2020, $1.83, 483553, $1.8, $1.8889, $1.76
12/18/2020, $1.92, 249779, $1.96, $1.98, $1.87
12/17/2020, $1.98, 295548, $2.06, $2.07, $1.92
12/16/2020, $2.01, 450346, $1.95, $2.02, $1.93
12/15/2020, $1.92, 465826, $1.84, $1.94, $1.81
12/14/2020, $1.87, 544352, $1.83, $1.92, $1.8
12/11/2020, $1.81, 1533629, $2.0806, $2.0806, $1.78
12/10/2020, $1.98, 884874, $2.11, $2.125, $1.93
12/09/2020, $2.09, 819652, $2.23, $2.24, $1.97
12/08/2020, $2.18, 726918, $2.24, $2.33, $2.13
12/07/2020, $2.23, 1336159, $2.25, $2.33, $2.03
12/04/2020, $2.32, 2170369, $2.137, $2.36, $2.09
12/03/2020, $2, 1031659, $1.95, $2.05, $1.93
12/02/2020, $1.94, 1850910, $1.67, $2.07, $1.64
12/01/2020, $1.7, 355850, $1.68, $1.76, $1.66
11/30/2020, $1.69, 433237, $1.75, $1.78, $1.62
11/27/2020, $1.71, 610913, $1.54, $1.72, $1.54
11/25/2020, $1.51, 526778, $1.64, $1.68, $1.45
11/24/2020, $1.59, 703130, $1.62, $1.71, $1.57
11/23/2020, $1.61, 946905, $1.52, $1.69, $1.46
11/20/2020, $1.45, 246719, $1.47, $1.48, $1.395
11/19/2020, $1.46, 344748, $1.46, $1.51, $1.38
11/18/2020, $1.46, 360615, $1.5, $1.53, $1.45
11/17/2020, $1.48, 617173, $1.48, $1.53, $1.4
11/16/2020, $1.52, 732204, $1.5, $1.53, $1.39
11/13/2020, $1.4, 1438518, $1.33, $1.55, $1.303
11/12/2020, $1.3, 685460, $1.26, $1.32, $1.2073
11/11/2020, $1.27, 761121, $1.16, $1.32, $1.16
11/10/2020, $1.19, 617523, $1.18, $1.205, $1.11
11/09/2020, $1.17, 2988963, $1.12, $1.2299, $1.05
11/06/2020, $0.97, 710093, $0.979, $1.01, $0.93
11/05/2020, $1.01, 1656488, $1.04, $1.04, $0.974
11/04/2020, $1.02, 182910, $1.02, $1.0403, $1.01
11/03/2020, $1.03, 318797, $1.03, $1.04, $1
11/02/2020, $1.01, 202349, $1.03, $1.05, $1
10/30/2020, $1, 272398, $1.03, $1.04, $0.99
10/29/2020, $1.03, 374758, $1.09, $1.09, $1
10/28/2020, $1, 598889, $1.01, $1.04, $0.9503
10/27/2020, $1.06, 774093, $1.06, $1.09, $1.0101
10/26/2020, $1.05, 2187449, $1.2, $1.2, $0.9806
10/23/2020, $1.18, 4819709, $1.06, $1.22, $0.9249
10/22/2020, $1.06, 4837199, $0.87, $1.17, $0.85
10/21/2020, $0.876, 728458, $0.85, $0.88, $0.8311
10/20/2020, $0.862, 702580, $0.8012, $0.9, $0.8012
10/19/2020, $0.81, 172926, $0.82, $0.82, $0.8002
10/16/2020, $0.8225, 289507, $0.79, $0.825, $0.79
10/15/2020, $0.7947, 317265, $0.805, $0.8298, $0.79
10/14/2020, $0.805, 286535, $0.805, $0.8205, $0.8048
10/13/2020, $0.8001, 328481, $0.793, $0.82, $0.79
10/12/2020, $0.793, 232797, $0.7944, $0.81, $0.7831
10/09/2020, $0.7951, 1078653, $0.795, $0.8407, $0.77
10/08/2020, $0.7843, 157147, $0.78, $0.79, $0.765
10/07/2020, $0.7822, 252205, $0.7401, $0.8, $0.74
10/06/2020, $0.763, 529981, $0.77, $0.81, $0.76
10/05/2020, $0.7611, 248624, $0.75, $0.77, $0.7301
10/02/2020, $0.754, 349243, $0.7438, $0.765, $0.72
10/01/2020, $0.7438, 170147, $0.75, $0.7599, $0.7433
09/30/2020, $0.75, 198561, $0.7473, $0.76, $0.7301
09/29/2020, $0.7472, 266988, $0.72, $0.7599, $0.72
09/28/2020, $0.7241, 358356, $0.7099, $0.75, $0.6906
09/25/2020, $0.7008, 330035, $0.635, $0.709, $0.63
09/24/2020, $0.69, 307233, $0.7, $0.701, $0.656
09/23/2020, $0.69, 216188, $0.682, $0.7059, $0.65
09/22/2020, $0.68, 186401, $0.6709, $0.7087, $0.66
09/21/2020, $0.69, 355089, $0.7353, $0.7497, $0.6514
09/18/2020, $0.712, 1608438, $0.7199, $0.7899, $0.7
09/17/2020, $0.71, 2407506, $0.687, $0.7386, $0.6622
09/16/2020, $0.699, 1886376, $0.67, $0.708, $0.652
09/15/2020, $0.65, 483135, $0.645, $0.6602, $0.6321
09/14/2020, $0.645, 1011706, $0.59, $0.6498, $0.5831
09/11/2020, $0.5554, 303024, $0.552, $0.57, $0.5427
09/10/2020, $0.552, 632947, $0.6195, $0.6195, $0.55
09/09/2020, $0.5838, 430201, $0.61, $0.6299, $0.55
09/08/2020, $0.615, 149610, $0.6199, $0.6358, $0.5947
09/04/2020, $0.6199, 534140, $0.64, $0.6737, $0.5947
09/03/2020, $0.64, 314658, $0.68, $0.69, $0.63
09/02/2020, $0.679, 165816, $0.7, $0.7, $0.67
09/01/2020, $0.6879, 228321, $0.7, $0.7, $0.663
08/31/2020, $0.6938, 194230, $0.725, $0.725, $0.682
08/28/2020, $0.7124, 232490, $0.7, $0.718, $0.69
08/27/2020, $0.7, 156314, $0.7199, $0.7239, $0.69
08/26/2020, $0.7053, 360036, $0.73, $0.73, $0.69
08/25/2020, $0.7, 105380, $0.69, $0.701, $0.6701
08/24/2020, $0.68, 283953, $0.682, $0.7, $0.66
08/21/2020, $0.68, 300100, $0.72, $0.72, $0.675
08/20/2020, $0.7089, 120180, $0.72, $0.7299, $0.7032
08/19/2020, $0.7199, 109560, $0.7195, $0.729, $0.7051
08/18/2020, $0.7198, 132011, $0.71, $0.73, $0.7007
08/17/2020, $0.736, 211701, $0.75, $0.7501, $0.73
08/14/2020, $0.74, 138342, $0.7384, $0.75, $0.71
08/13/2020, $0.7341, 163991, $0.74, $0.74, $0.71
08/12/2020, $0.735, 231850, $0.727, $0.7369, $0.7133
08/11/2020, $0.7489, 472001, $0.77, $0.7776, $0.7201
08/10/2020, $0.7598, 448419, $0.724, $0.76, $0.71
08/07/2020, $0.7186, 217059, $0.7074, $0.72, $0.7001
08/06/2020, $0.71, 315527, $0.69, $0.7104, $0.69
08/05/2020, $0.6985, 277052, $0.7, $0.7197, $0.691
08/04/2020, $0.7096, 323884, $0.6801, $0.716, $0.67
08/03/2020, $0.698, 666934, $0.712, $0.7354, $0.67
07/31/2020, $0.7241, 396087, $0.7466, $0.77, $0.71
07/30/2020, $0.7501, 281923, $0.7769, $0.7769, $0.74
07/29/2020, $0.7774, 544800, $0.77, $0.78, $0.7406
07/28/2020, $0.77, 498289, $0.761, $0.8, $0.752
07/27/2020, $0.7926, 3720303, $0.74, $0.8499, $0.74
07/24/2020, $0.7599, 222210, $0.73, $0.76, $0.729
07/23/2020, $0.76, 366480, $0.79, $0.79, $0.74
07/22/2020, $0.776, 303152, $0.761, $0.78, $0.75
07/21/2020, $0.773, 626799, $0.759, $0.7899, $0.7475
07/20/2020, $0.7597, 834554, $0.79, $0.79, $0.73
07/17/2020, $0.79, 805740, $0.7552, $0.8, $0.752
07/16/2020, $0.755, 719943, $0.773, $0.7799, $0.7406
07/15/2020, $0.769, 1208221, $0.76, $0.7858, $0.7315
07/14/2020, $0.7617, 4164750, $0.8, $0.82, $0.73
07/13/2020, $0.7405, 479917, $0.7489, $0.7499, $0.72
07/10/2020, $0.7439, 600309, $0.74, $0.745, $0.701
07/09/2020, $0.7398, 482145, $0.7373, $0.74, $0.7004
07/08/2020, $0.729, 899019, $0.728, $0.7391, $0.6911
07/07/2020, $0.728, 777012, $0.73, $0.75, $0.68
07/06/2020, $0.75, 1308159, $0.8, $0.8, $0.72
07/02/2020, $0.765, 1908866, $0.7399, $0.78, $0.72
07/01/2020, $0.7072, 1403302, $0.68, $0.7367, $0.6601
06/30/2020, $0.6792, 1028834, $0.6701, $0.68, $0.65
06/29/2020, $0.6693, 1007820, $0.7, $0.715, $0.66
06/26/2020, $0.6934, 1361111, $0.77, $0.779, $0.662
06/25/2020, $0.73, 823336, $0.7336, $0.7533, $0.72
06/24/2020, $0.7333, 1050891, $0.772, $0.772, $0.71
06/23/2020, $0.7699, 2084443, $0.782, $0.7873, $0.71
06/22/2020, $0.7879, 1420916, $0.79, $0.79, $0.7705
06/19/2020, $0.7739, 5007076, $0.8, $0.83, $0.77
06/18/2020, $0.97, 745238, $0.99, $1, $0.95
06/17/2020, $0.9751, 285731, $1, $1.02, $0.9366
06/16/2020, $0.9999, 445139, $1.05, $1.06, $0.99
06/15/2020, $1, 631301, $1.07, $1.07, $0.96
06/12/2020, $1.08, 604309, $1.14, $1.14, $1.05
06/11/2020, $1.14, 625145, $1.16, $1.17, $1.12
06/10/2020, $1.21, 915821, $1.24, $1.265, $1.19
06/09/2020, $1.21, 1776791, $1.29, $1.3, $1.19
06/08/2020, $1.195, 4996125, $1.34, $1.34, $1.11
06/05/2020, $1.5, 2520928, $1.28, $1.6, $1.27
06/04/2020, $1.25, 222202, $1.28, $1.2899, $1.17
06/03/2020, $1.3, 280497, $1.37, $1.4, $1.21
06/02/2020, $1.37, 535712, $1.3, $1.39, $1.28
06/01/2020, $1.28, 641107, $1.15, $1.4, $1.12
05/29/2020, $1.15, 211042, $1.14, $1.16, $1.1
05/28/2020, $1.14, 104496, $1.1, $1.15, $1.09
05/27/2020, $1.1, 116624, $1.1, $1.1, $1.0601
05/26/2020, $1.07, 132912, $1.06, $1.09, $0.9902
05/22/2020, $1.01, 150683, $1.07, $1.0857, $0.98
05/21/2020, $1.04, 485532, $1.02, $1.09, $0.98
05/20/2020, $1.01, 141966, $1.01, $1.01, $0.9716
05/19/2020, $1, 94424, $1, $1.01, $0.96
05/18/2020, $0.99, 180624, $1, $1, $0.9556
05/15/2020, $0.97, 106664, $0.9495, $1.0035, $0.9
05/14/2020, $0.97, 129768, $0.86, $0.99, $0.8
05/13/2020, $0.9082, 265729, $0.9437, $0.96, $0.8331
05/12/2020, $0.97, 278706, $1, $1, $0.95
05/11/2020, $0.997, 340718, $1.01, $1.02, $0.9307
05/08/2020, $0.9904, 352411, $1.04, $1.04, $0.96
05/07/2020, $1.04, 301135, $1.02, $1.11, $0.995
05/06/2020, $1, 896140, $1.21, $1.22, $0.7546
05/05/2020, $1.21, 216654, $1.28, $1.28, $1.2
05/04/2020, $1.23, 447857, $1.31, $1.31, $1.2
05/01/2020, $1.31, 1364354, $1.21, $1.37, $1.1
04/30/2020, $1.15, 196018, $1.19, $1.2, $1.14
04/29/2020, $1.19, 206803, $1.2, $1.2199, $1.18
04/28/2020, $1.18, 137642, $1.22, $1.23, $1.1101
04/27/2020, $1.18, 572938, $1.33, $1.33, $1.12
04/24/2020, $1.27, 801099, $1.16, $1.29, $1.1
04/23/2020, $1.2, 480217, $1.27, $1.3, $1.05
04/22/2020, $1.27, 365770, $1.35, $1.35, $1.25
04/21/2020, $1.4, 1808460, $1.2, $1.42, $1.18
04/20/2020, $1.23, 124288, $1.22, $1.23, $1.17
04/17/2020, $1.21, 236059, $1.2, $1.25, $1.18
04/16/2020, $1.18, 124807, $1.22, $1.22, $1.15
04/15/2020, $1.19, 693264, $1.26, $1.34, $1.15
04/14/2020, $1.17, 285479, $1.2, $1.3, $1.15
04/13/2020, $1.23, 214924, $1.07, $1.25, $1.03
04/09/2020, $1.06, 135089, $1.06, $1.1, $1.01
04/08/2020, $1.08, 158652, $1.08, $1.1, $1.02
04/07/2020, $1.1, 49746, $1.13, $1.14, $0.98
04/06/2020, $1.08, 100157, $1, $1.08, $0.955
04/03/2020, $0.99, 75531, $1, $1, $0.9
04/02/2020, $0.9983, 31571, $1, $1, $0.95
04/01/2020, $1, 67721, $1, $1.05, $0.93
03/31/2020, $1.03, 50545, $1.06, $1.15, $1
03/30/2020, $1.06, 103954, $1.09, $1.14, $0.9501
03/27/2020, $1.08, 114999, $1.18, $1.26, $0.95
03/26/2020, $1.06, 114794, $1.12, $1.18, $1.05
03/25/2020, $1.19, 55469, $1.03, $1.29, $1.02
03/24/2020, $1, 98166, $0.9573, $1.01, $0.9055
03/23/2020, $0.9118, 133808, $1, $1.04, $0.8042
03/20/2020, $1.05, 72954, $1, $1.23, $1
03/19/2020, $0.9601, 165107, $0.9002, $1.16, $0.9001
03/18/2020, $0.8601, 209195, $1.24, $1.3, $0.86
03/17/2020, $1.4, 142232, $1.5, $1.5, $1.24
03/16/2020, $1.45, 155841, $2, $2, $1.38
03/13/2020, $2, 67675, $1.91, $2, $1.7701
03/12/2020, $1.9, 101244, $2.02, $2.02, $1.7007
03/11/2020, $2.15, 170557, $2.35, $2.35, $2.1
03/10/2020, $2.4, 126718, $2.48, $2.55, $2.295
03/09/2020, $2.5, 112718, $2.59, $2.725, $2.33
03/06/2020, $2.7, 50356, $2.6, $2.76, $2.56
03/05/2020, $2.65, 56946, $2.74, $2.79, $2.61
03/04/2020, $2.76, 37833, $2.84, $2.85, $2.74
03/03/2020, $2.84, 45918, $2.85, $2.93, $2.73
03/02/2020, $2.885, 74923, $2.89, $2.9, $2.82
02/28/2020, $2.85, 319068, $2.51, $3.3, $2.51
02/27/2020, $2.54, 464526, $2.9, $2.9, $2.49
02/26/2020, $2.99, 182344, $3.14, $3.14, $2.96
02/25/2020, $3.14, 174521, $3.41, $3.41, $3.125
02/24/2020, $3.41, 119895, $3.39, $3.43, $3.28
02/21/2020, $3.52, 68443, $3.57, $3.57, $3.45
02/20/2020, $3.6, 59138, $3.67, $3.67, $3.55
02/19/2020, $3.67, 112343, $3.7, $3.721, $3.6395
02/18/2020, $3.71, 19159, $3.78, $3.79, $3.68
02/14/2020, $3.785, 34590, $3.775, $3.82, $3.745
02/13/2020, $3.77, 25972, $3.77, $3.8, $3.72
02/12/2020, $3.78, 29626, $3.67, $3.79, $3.67
02/11/2020, $3.67, 29881, $3.63, $3.69, $3.61
02/10/2020, $3.63, 25399, $3.66, $3.66, $3.61
02/07/2020, $3.66, 10417, $3.68, $3.71, $3.66
02/06/2020, $3.71, 79883, $3.687, $3.72, $3.67
02/05/2020, $3.695, 187771, $3.59, $3.7, $3.59
02/04/2020, $3.58, 49059, $3.57, $3.63, $3.5427
02/03/2020, $3.56, 29514, $3.6, $3.61, $3.51
01/31/2020, $3.59, 200335, $3.63, $3.64, $3.49
01/30/2020, $3.63, 83292, $3.6, $3.63, $3.55
01/29/2020, $3.635, 100766, $3.59, $3.66, $3.59
01/28/2020, $3.58, 82950, $3.47, $3.58, $3.47
01/27/2020, $3.46, 123935, $3.45, $3.465, $3.38
01/24/2020, $3.52, 99817, $3.54, $3.57, $3.45
01/23/2020, $3.54, 46348, $3.54, $3.57, $3.46
01/22/2020, $3.56, 165828, $3.56, $3.64, $3.52
01/21/2020, $3.54, 174698, $3.59, $3.67, $3.49
01/17/2020, $3.45, 88138, $3.45, $3.47, $3.42
01/16/2020, $3.43, 46349, $3.31, $3.45, $3.31
01/15/2020, $3.37, 91502, $3.28, $3.37, $3.25
01/14/2020, $3.25, 188610, $3.22, $3.28, $3.16
01/13/2020, $3.2, 32611, $3.1, $3.21, $3.1
01/10/2020, $3.1, 36174, $3.1, $3.11, $3.03
01/09/2020, $3.11, 22482, $3.11, $3.14, $3.1
01/08/2020, $3.11, 20554, $3.11, $3.17, $3.11
01/07/2020, $3.13, 21778, $3.07, $3.18, $3.07
01/06/2020, $3.11, 37193, $3.12, $3.137, $3.05
01/03/2020, $3.14, 10593, $3.12, $3.18, $3.12
01/02/2020, $3.18, 19248, $3.15, $3.18, $3.1
12/31/2019, $3.15, 248526, $3.01, $3.16, $3
12/30/2019, $3.04, 267621, $3.12, $3.1725, $2.94
12/27/2019, $3.14, 76658, $3.16, $3.17, $3.11
12/26/2019, $3.18, 64287, $3.15, $3.18, $3.14
12/24/2019, $3.15, 129334, $3.21, $3.215, $3.12
12/23/2019, $3.15, 178554, $3.19, $3.29, $3.14
12/20/2019, $3.29, 149767, $3.25, $3.36, $3.25
12/19/2019, $3.25, 237502, $3.32, $3.32, $3.22
12/18/2019, $3.29, 321165, $3.3, $3.377, $3.29
12/17/2019, $3.33, 91401, $3.3, $3.33, $3.26
12/16/2019, $3.31, 153115, $3.31, $3.4, $3.31
12/13/2019, $3.32, 98494, $3.37, $3.43, $3.3
12/12/2019, $3.4, 108817, $3.41, $3.48, $3.39
12/11/2019, $3.39, 23803, $3.359, $3.39, $3.33
12/10/2019, $3.35, 39440, $3.29, $3.37, $3.27
12/09/2019, $3.3, 33780, $3.3, $3.38, $3.29
12/06/2019, $3.32, 68266, $3.375, $3.4, $3.32
12/05/2019, $3.37, 31637, $3.4, $3.45, $3.35
12/04/2019, $3.415, 56880, $3.41, $3.5, $3.41
12/03/2019, $3.445, 30377, $3.407, $3.49, $3.35
12/02/2019, $3.41, 17220, $3.59, $3.59, $3.41
11/29/2019, $3.59, 33687, $3.52, $3.59, $3.5
11/27/2019, $3.52, 22897, $3.5, $3.53, $3.47
11/26/2019, $3.48, 83626, $3.49, $3.5, $3.44
11/25/2019, $3.49, 51986, $3.43, $3.54, $3.43
11/22/2019, $3.43, 58781, $3.36, $3.46, $3.31
11/21/2019, $3.33, 41816, $3.46, $3.46, $3.33
11/20/2019, $3.45, 31963, $3.51, $3.52, $3.42
11/19/2019, $3.51, 39555, $3.52, $3.54, $3.42
11/18/2019, $3.5, 39559, $3.59, $3.59, $3.5
11/15/2019, $3.62, 92196, $3.47, $3.64, $3.43
11/14/2019, $3.47, 195868, $3.75, $3.75, $3.4528
11/13/2019, $3.75, 88501, $3.75, $3.79, $3.6805
11/12/2019, $3.83, 464801, $4.11, $4.11, $3.72
11/11/2019, $4.18, 177934, $4.15, $4.29, $4.13
11/08/2019, $4.205, 288917, $4.18, $4.24, $4.15
11/07/2019, $4.2, 85213, $4.16, $4.28, $4.16
11/06/2019, $4.195, 125723, $4.23, $4.27, $4.15
11/05/2019, $4.27, 40389, $4.21, $4.32, $4.21
11/04/2019, $4.23, 36797, $4.28, $4.3, $4.17
11/01/2019, $4.24, 43845, $4.2, $4.27, $4.2
10/31/2019, $4.25, 41318, $4.21, $4.25, $4.15
10/30/2019, $4.25, 20170, $4.26, $4.29, $4.2
10/29/2019, $4.24, 41410, $4.24, $4.31, $4.21
10/28/2019, $4.26, 137696, $4.05, $4.26, $4.01
10/25/2019, $4.02, 17427, $3.91, $4.03, $3.91
10/24/2019, $3.93, 76029, $3.86, $4.025, $3.86
10/23/2019, $3.88, 48345, $3.85, $3.96, $3.85
10/22/2019, $3.86, 22854, $3.87, $3.93, $3.85
10/21/2019, $3.89, 84048, $3.76, $3.95, $3.76
10/18/2019, $3.8, 103852, $3.85, $3.86, $3.8
10/17/2019, $3.84, 30149, $3.82, $3.86, $3.82
10/16/2019, $3.8, 85466, $3.8, $3.85, $3.77
10/15/2019, $3.82, 26849, $3.75, $3.85, $3.75
10/14/2019, $3.72, 153198, $3.9, $3.92, $3.67
10/11/2019, $3.9, 170345, $3.87, $3.95, $3.82
10/10/2019, $3.83, 238728, $3.94, $3.95, $3.77
10/09/2019, $3.96, 170025, $4.04, $4.04, $3.95
10/08/2019, $4.03, 93896, $4.08, $4.09, $4.01
10/07/2019, $4.11, 16039, $4.11, $4.14, $4.0632
10/04/2019, $4.1, 248630, $4.1, $4.15, $4.03
10/03/2019, $4.1, 39382, $4.08, $4.12, $4.05
10/02/2019, $4.06, 122897, $4.12, $4.14, $3.96
10/01/2019, $4.12, 42697, $4.14, $4.14, $4.09
09/30/2019, $4.12, 94804, $4.08, $4.14, $4.05
09/27/2019, $4.12, 20653, $4.19, $4.19, $4.085
09/26/2019, $4.19, 20467, $4.18, $4.21, $4.17
09/25/2019, $4.18, 43801, $4.13, $4.19, $4.12
09/24/2019, $4.13, 44135, $4.2, $4.21, $4.105
09/23/2019, $4.21, 38188, $4.23, $4.25, $4.16
09/20/2019, $4.27, 763347, $4.16, $4.28, $4.07
09/19/2019, $4.16, 261468, $4.17, $4.19, $4.12
09/18/2019, $4.16, 321984, $4.29, $4.3, $4.0871
09/17/2019, $4.31, 61920, $4.36, $4.36, $4.27
09/16/2019, $4.37, 229778, $4.25, $4.37, $4.25
09/13/2019, $4.28, 457788, $4.29, $4.33, $4.23
09/12/2019, $4.29, 93675, $4.26, $4.38, $4.24
09/11/2019, $4.24, 212109, $4.12, $4.24, $4.12
09/10/2019, $4.12, 171704, $4, $4.16, $4
09/09/2019, $4.03, 585117, $4.04, $4.07, $4
09/06/2019, $4.02, 199794, $3.97, $4.05, $3.97
09/05/2019, $4, 376855, $4.04, $4.13, $3.95
09/04/2019, $4.03, 136147, $4.03, $4.07, $4.01
09/03/2019, $4.01, 87570, $4.06, $4.06, $4.01
08/30/2019, $4.06, 125430, $4.12, $4.12, $4.03
08/29/2019, $4.12, 308937, $4.14, $4.19, $4.09
08/28/2019, $4.14, 58819, $4.13, $4.15, $4.08
08/27/2019, $4.13, 33198, $4.12, $4.15, $4.12
08/26/2019, $4.12, 49388, $4.17, $4.17, $4.1
08/23/2019, $4.13, 108654, $4.22, $4.22, $4.1
08/22/2019, $4.24, 65571, $4.22, $4.26, $4.16
08/21/2019, $4.22, 118464, $4.16, $4.3, $4.16
08/20/2019, $4.15, 62126, $4.14, $4.2, $4.11
08/19/2019, $4.13, 84825, $4.11, $4.21, $4.11
08/16/2019, $4.09, 72885, $4.04, $4.15, $4.04
08/15/2019, $4.04, 132624, $4.09, $4.15, $4.03
08/14/2019, $4.08, 220652, $4.14, $4.2, $4.08
08/13/2019, $4.18, 97879, $4.13, $4.25, $4.13
08/12/2019, $4.15, 91132, $4.13, $4.19, $4.12
08/09/2019, $4.15, 138594, $4.11, $4.18, $4.1
08/08/2019, $4.11, 291914, $4.22, $4.23, $4.08
08/07/2019, $4.23, 131880, $4.2, $4.25, $4.2
08/06/2019, $4.24, 156151, $4.26, $4.29, $4.2
08/05/2019, $4.26, 556666, $4.39, $4.43, $4.227
08/02/2019, $4.44, 520276, $4.5, $4.52, $4.4
08/01/2019, $4.51, 454349, $4.58, $4.62, $4.509
07/31/2019, $4.59, 592418, $4.55, $4.61, $4.54
07/30/2019, $4.55, 450286, $4.52, $4.57, $4.47
07/29/2019, $4.52, 433107, $4.5, $4.54, $4.44
07/26/2019, $4.49, 645753, $4.46, $4.52, $4.42
07/25/2019, $4.47, 335268, $4.4, $4.5, $4.39
07/24/2019, $4.42, 717645, $4.38, $4.44, $4.33
07/23/2019, $4.4, 608457, $4.4, $4.45, $4.35
07/22/2019, $4.4, 1178195, $4.36, $4.46, $4.35
07/19/2019, $4.39, 1053443, $4.3, $4.45, $4.28
07/18/2019, $4.3, 1142931, $4.35, $4.36, $4.23
07/17/2019, $4.39, 3119297, $4.6, $4.65, $4.3
07/16/2019, $3.88, 182353, $3.7, $3.9, $3.7
07/15/2019, $3.72, 80206, $3.79, $3.8, $3.7
07/12/2019, $3.77, 247920, $3.72, $3.8, $3.57
07/11/2019, $3.73, 92587, $3.83, $3.8314, $3.695
07/10/2019, $3.79, 215852, $3.79, $3.83, $3.51
07/09/2019, $3.73, 226929, $3.64, $3.8, $3.62
07/08/2019, $3.65, 120803, $3.56, $3.66, $3.43
07/05/2019, $3.56, 190970, $3.55, $3.608, $3.53
07/03/2019, $3.59, 150134, $3.53, $3.63, $3.53
07/02/2019, $3.57, 512467, $3.67, $3.69, $3.55
07/01/2019, $3.67, 81781, $3.75, $3.78, $3.65
06/28/2019, $3.74, 121358, $3.8, $3.83, $3.72
06/27/2019, $3.81, 105294, $4.01, $4.01, $3.8
06/26/2019, $4.01, 147496, $4, $4.04, $3.93
06/25/2019, $4.1, 43839, $4.1, $4.11, $4.02
06/24/2019, $4.1, 61585, $4.21, $4.21, $4.085
06/21/2019, $4.19, 613268, $3.97, $4.28, $3.9301
06/20/2019, $3.99, 77988, $3.98, $4, $3.97
06/19/2019, $3.99, 143377, $3.98, $4.01, $3.92
06/18/2019, $3.97, 121510, $4.04, $4.055, $3.89
06/17/2019, $4.03, 121632, $3.95, $4.14, $3.94
06/14/2019, $3.93, 39967, $3.92, $3.94, $3.87
06/13/2019, $3.94, 127930, $4, $4.11, $3.88
06/12/2019, $3.91, 161069, $3.84, $3.93, $3.63
06/11/2019, $3.84, 84820, $3.98, $3.98, $3.8199
06/10/2019, $3.94, 38845, $3.94, $4.02, $3.92
06/07/2019, $3.98, 36258, $4, $4.07, $3.92
06/06/2019, $3.92, 113411, $4.05, $4.2418, $3.885
06/05/2019, $4.12, 40995, $4.06, $4.14, $4
06/04/2019, $4.09, 72937, $4.11, $4.15, $4
06/03/2019, $4.09, 29566, $4.24, $4.28, $4.02
05/31/2019, $4.28, 69339, $4.17, $4.28, $4.17
05/30/2019, $4.21, 15560, $4.24, $4.24, $4.12
05/29/2019, $4.23, 47072, $4.274, $4.34, $4.16
05/28/2019, $4.35, 50351, $4.39, $4.49, $4.27
05/24/2019, $4.42, 88916, $4.213, $4.45, $4.213
05/23/2019, $4.41, 237817, $4.44, $4.47, $4.02
05/22/2019, $4.45, 659634, $4.5, $4.87, $4.3
05/21/2019, $4.48, 18593, $4.46, $4.53, $4.42
05/20/2019, $4.46, 59003, $4.43, $4.47, $4.391
05/17/2019, $4.47, 126429, $4.55, $4.55, $4.3
05/16/2019, $4.6, 155977, $4.56, $4.65, $4.5
05/15/2019, $4.55, 44166, $4.43, $4.57, $4.35
05/14/2019, $4.44, 30429, $4.29, $4.44, $4.29
05/13/2019, $4.22, 58162, $4.38, $4.38, $4.17
05/10/2019, $4.49, 47981, $4.54, $4.57, $4.39
05/09/2019, $4.55, 51039, $4.5, $4.58, $4.3
05/08/2019, $4.46, 21117, $4.45, $4.51, $4.41
05/07/2019, $4.44, 20245, $4.55, $4.58, $4.44
05/06/2019, $4.58, 17331, $4.3, $4.58, $4.3
05/03/2019, $4.58, 30443, $4.44, $4.58, $4.44
05/02/2019, $4.44, 24664, $4.56, $4.57, $4.41
05/01/2019, $4.56, 38127, $4.58, $4.68, $4.53
04/30/2019, $4.57, 44412, $4.49, $4.58, $4.39
04/29/2019, $4.49, 108737, $4.71, $4.71, $4.47
04/26/2019, $4.7, 34780, $4.61, $4.71, $4.61
04/25/2019, $4.63, 26357, $4.69, $4.69, $4.6
04/24/2019, $4.7, 33232, $4.71, $4.73, $4.67
04/23/2019, $4.72, 32295, $4.62, $4.74, $4.615
04/22/2019, $4.62, 73764, $4.56, $4.6369, $4.48
04/18/2019, $4.46, 71285, $4.45, $4.52, $4.27
04/17/2019, $4.46, 103978, $4.61, $4.64, $4.435
04/16/2019, $4.63, 58395, $4.69, $4.73, $4.63
04/15/2019, $4.69, 72933, $4.8, $4.8495, $4.64
04/12/2019, $4.79, 140845, $4.78, $4.82, $4.76
04/11/2019, $4.79, 71628, $4.85, $4.96, $4.78
04/10/2019, $4.87, 39151, $4.91, $4.91, $4.86
04/09/2019, $4.88, 45746, $4.88, $4.92, $4.87
04/08/2019, $4.89, 128633, $4.97, $5.02, $4.87
04/05/2019, $4.99, 55115, $4.97, $5.01, $4.97
04/04/2019, $4.97, 129517, $4.94, $5.01, $4.89
04/03/2019, $4.9, 99529, $5.01, $5.01, $4.89
04/02/2019, $5, 387225, $4.96, $5.12, $4.91
04/01/2019, $4.96, 66150, $4.92, $5.01, $4.92
03/29/2019, $4.91, 120517, $4.953, $5.01, $4.9
03/28/2019, $4.93, 143828, $5, $5.09, $4.9
03/27/2019, $5.02, 99977, $4.99, $5.09, $4.9
03/26/2019, $5, 101222, $5.04, $5.1, $4.89
03/25/2019, $5.01, 96947, $4.92, $5.15, $4.92
03/22/2019, $5.06, 231813, $5, $5.11, $4.89
03/21/2019, $5.05, 190452, $4.99, $5.1, $4.9
03/20/2019, $5, 172792, $5.08, $5.19, $4.92
03/19/2019, $5.09, 163518, $5.25, $5.39, $5.02
03/18/2019, $5.18, 244378, $5.22, $5.39, $5
03/15/2019, $5.21, 929302, $5.24, $5.47, $5.19
03/14/2019, $5, 161092, $5.08, $5.08, $4.91
03/13/2019, $5.09, 531960, $4.93, $5.2, $4.9
03/12/2019, $4.9, 824873, $5, $5.12, $4.83
03/11/2019, $4.97, 5000851, $3.837, $5.56, $3.831
03/08/2019, $3.8, 212071, $3.9, $3.9, $3.77
03/07/2019, $3.89, 103675, $3.9, $3.92, $3.83
03/06/2019, $3.93, 65343, $4.01, $4.02, $3.92
03/05/2019, $4, 68177, $4, $4.06, $3.951
03/04/2019, $4, 109402, $3.98, $4.09, $3.85
03/01/2019, $4.02, 197225, $3.88, $4.05, $3.82
02/28/2019, $3.83, 409835, $3.97, $3.98, $3.81
02/27/2019, $4, 121226, $4.1, $4.14, $3.94
02/26/2019, $4.08, 51556, $4.05, $4.11, $4.05
02/25/2019, $4.09, 55940, $4.08, $4.16, $4.08
02/22/2019, $4.08, 79979, $4.06, $4.12, $4.02
02/21/2019, $4.08, 73779, $4.2, $4.24, $4.07
02/20/2019, $4.2, 127197, $4.22, $4.23, $4.05
02/19/2019, $4.16, 88817, $4.24, $4.2738, $4.15
02/15/2019, $4.24, 202030, $4.29, $4.3148, $4.21
02/14/2019, $4.25, 105180, $4.31, $4.31, $4.23
02/13/2019, $4.31, 63691, $4.35, $4.35, $4.3
02/12/2019, $4.3, 122257, $4.34, $4.34, $4.25
02/11/2019, $4.28, 87386, $4.26, $4.34, $4.23
02/08/2019, $4.31, 31171, $4.48, $4.48, $4.28
02/07/2019, $4.47, 81095, $4.52, $4.62, $4.45
02/06/2019, $4.51, 83996, $4.62, $4.62, $4.44
02/05/2019, $4.56, 74166, $4.78, $4.78, $4.55
02/04/2019, $4.73, 100271, $4.73, $4.91, $4.6435
02/01/2019, $4.92, 70321, $5.01, $5.1075, $4.81
01/31/2019, $5.1, 185897, $5.23, $5.25, $4.96
01/30/2019, $5.1, 64746, $5.1, $5.12, $5.07
01/29/2019, $5.1, 54374, $5.1, $5.17, $5.02
01/28/2019, $5.13, 89601, $5.09, $5.145, $5.05
01/25/2019, $5.06, 289082, $4.96, $5.135, $4.91
01/24/2019, $4.99, 65857, $4.776, $5, $4.75
01/23/2019, $4.76, 84784, $4.75, $4.82, $4.71
01/22/2019, $4.77, 69929, $4.73, $4.84, $4.7106
01/18/2019, $4.83, 147362, $4.86, $4.89, $4.799
01/17/2019, $4.88, 103935, $4.93, $4.95, $4.8
01/16/2019, $4.99, 52083, $4.98, $5.04, $4.975
01/15/2019, $4.98, 392515, $5.2, $5.2, $4.96
01/14/2019, $5.16, 70511, $5.07, $5.24, $5.02
01/11/2019, $5.09, 78752, $4.9753, $5.1808, $4.97
01/10/2019, $4.96, 119708, $4.98, $5, $4.8668
01/09/2019, $5, 134425, $4.75, $5.04, $4.75
01/08/2019, $4.77, 49957, $4.5, $4.77, $4.5
01/07/2019, $4.45, 63554, $4.33, $4.48, $4.28
01/04/2019, $4.33, 43098, $4.15, $4.4, $4.13
01/03/2019, $4.13, 59368, $4.31, $4.4684, $4.1
01/02/2019, $4.23, 84598, $4, $4.4162, $3.99
12/31/2018, $4.02, 149217, $3.98, $4.04, $3.95
12/28/2018, $3.94, 373122, $3.9, $4.06, $3.71
12/27/2018, $4.07, 246774, $4.02, $4.09, $3.82
12/26/2018, $4.04, 660684, $3.92, $4.1, $3.7
12/24/2018, $3.925, 109227, $3.84, $4.03, $3.8
12/21/2018, $3.9, 625917, $4.09, $4.15, $3.9
12/20/2018, $4.02, 190907, $4.03, $4.17, $3.95
12/19/2018, $4.03, 151445, $4.15, $4.2, $3.95
12/18/2018, $4.18, 162976, $4.1, $4.27, $3.95
12/17/2018, $4.08, 289512, $3.94, $4.19, $3.8611
12/14/2018, $4.16, 140084, $4.25, $4.25, $4.1037
12/13/2018, $4.26, 319492, $4.33, $5.06, $4.05
12/12/2018, $4.28, 190101, $4.37, $4.39, $4.27
12/11/2018, $4.37, 163317, $4.51, $4.51, $4.15
12/10/2018, $4.43, 214459, $4.72, $4.72, $4.25
12/07/2018, $4.72, 162382, $5, $5, $4.52
12/06/2018, $4.99, 336777, $5.06, $5.12, $4.92
12/04/2018, $5.17, 396281, $5.35, $5.41, $5.02
12/03/2018, $5.29, 134100, $5.3, $5.32, $5.24
11/30/2018, $5.25, 109219, $5.01, $5.3, $5.01
11/29/2018, $5.07, 69984, $4.96, $5.1, $4.83
11/28/2018, $4.99, 163103, $4.88, $5.06, $4.82
11/27/2018, $4.85, 101310, $5.03, $5.11, $4.81
11/26/2018, $5.04, 40329, $4.89, $5.07, $4.8
11/23/2018, $4.9, 22894, $4.93, $5.02, $4.8
11/21/2018, $5.01, 50413, $4.99, $5.2, $4.99
11/20/2018, $4.99, 171472, $4.95, $5, $4.73
11/19/2018, $5.07, 44350, $5.21, $5.3, $5.02
11/16/2018, $5.25, 45972, $5.1, $5.31, $5.08
11/15/2018, $5.16, 184113, $5.16, $5.23, $5.08
11/14/2018, $5.23, 139397, $5.24, $5.33, $5.135
11/13/2018, $5.22, 204581, $5.27, $5.36, $5.1
11/12/2018, $5.32, 218698, $5.34, $5.39, $5.11
11/09/2018, $5.33, 45449, $5.34, $5.4, $5.27
11/08/2018, $5.36, 37330, $5.39, $5.39, $5.23
11/07/2018, $5.38, 91654, $5.2, $5.4, $5.16
11/06/2018, $5.18, 95959, $5.36, $5.49, $5.16
11/05/2018, $5.34, 243411, $5.06, $5.4, $5.04
11/02/2018, $5.02, 137963, $4.99, $5.2054, $4.6955
11/01/2018, $5.04, 290434, $4.5, $5.16, $4.5
10/31/2018, $4.44, 122350, $4.2, $4.558, $4.13
10/30/2018, $4.2, 237385, $4.34, $4.37, $4.1
10/29/2018, $4.33, 242037, $4.49, $4.53, $4.2
10/26/2018, $4.48, 364411, $4.33, $4.53, $4.045
10/25/2018, $4.2, 129822, $4.3, $4.48, $4.07
10/24/2018, $4.24, 129883, $4.5, $4.5, $4.24
10/23/2018, $4.51, 199239, $4.68, $4.68, $4.23
10/22/2018, $4.67, 76887, $4.83, $4.83, $4.65
10/19/2018, $4.76, 38570, $4.91, $5, $4.72
10/18/2018, $4.87, 59419, $4.98, $4.98, $4.7601
10/17/2018, $4.98, 164510, $5.21, $5.21, $4.95
10/16/2018, $5.17, 45531, $5.08, $5.28, $4.98
10/15/2018, $5.05, 71053, $5.11, $5.19, $5.0049
10/12/2018, $5.14, 81813, $5.04, $5.23, $5
10/11/2018, $4.95, 221197, $5.07, $5.2, $4.75
10/10/2018, $5.08, 92400, $5.44, $5.644, $5.03
10/09/2018, $5.48, 128397, $5.49, $5.595, $5.32
10/08/2018, $5.49, 126920, $5.25, $5.59, $5.1758
10/05/2018, $5.24, 205545, $5.28, $5.282, $5.1904
10/04/2018, $5.26, 99517, $5.52, $5.52, $5.24
10/03/2018, $5.51, 54907, $5.52, $5.61, $5.46
10/02/2018, $5.52, 44466, $5.65, $5.72, $5.495
10/01/2018, $5.66, 88890, $5.58, $5.72, $5.5
09/28/2018, $5.58, 99929, $5.65, $5.7, $5.48
09/27/2018, $5.64, 93178, $5.44, $5.75, $5.29
09/26/2018, $5.42, 55464, $5.64, $5.7265, $5.395
09/25/2018, $5.62, 150119, $5.64, $5.77, $5.53
09/24/2018, $5.62, 208985, $5.58, $5.7, $5.13
09/21/2018, $5.59, 474366, $5.33, $5.66, $5.33
09/20/2018, $5.35, 88038, $5.13, $5.45, $5.1
09/19/2018, $5.14, 68719, $5.26, $5.3244, $5.1046
09/18/2018, $5.27, 69663, $5.04, $5.335, $5.04
09/17/2018, $5.03, 74072, $5.08, $5.12, $4.87
09/14/2018, $5.09, 61169, $5.14, $5.22, $5.05
09/13/2018, $5.17, 68014, $5.04, $5.3, $5
09/12/2018, $5.07, 151525, $5.23, $5.23, $4.85
09/11/2018, $5.13, 128969, $5.19, $5.28, $5.08
09/10/2018, $5.22, 84761, $5.44, $5.5, $5.19
09/07/2018, $5.44, 240131, $5.21, $5.56, $5.21
09/06/2018, $5.19, 154840, $5.14, $5.33, $4.97
09/05/2018, $5.16, 144290, $4.83, $5.19, $4.83
09/04/2018, $4.89, 285241, $5.2, $5.264, $4.66
08/31/2018, $5.19, 90963, $5.32, $5.39, $5.16
08/30/2018, $5.33, 224853, $5.2, $5.37, $5.11
08/29/2018, $5.2, 241327, $4.77, $5.26, $4.77
08/28/2018, $4.77, 437788, $4.62, $4.9, $4.62
08/27/2018, $4.59, 273062, $4.75, $4.85, $4.56
08/24/2018, $4.74, 372864, $4.75, $4.8, $4.67
08/23/2018, $4.75, 433224, $4.72, $4.81, $4.61
08/22/2018, $4.74, 320803, $4.83, $4.88, $4.62
08/21/2018, $4.84, 416119, $4.93, $5.15, $4.76
08/20/2018, $4.96, 318386, $5.11, $5.17, $4.76
08/17/2018, $5.11, 320948, $5.15, $5.6, $5.1
08/16/2018, $5.1, 182043, $5.14, $5.17, $5.06
08/15/2018, $5.1, 302519, $5.19, $5.24, $5.0615
08/14/2018, $5.23, 711566, $5.72, $5.77, $5.06
08/13/2018, $5.69, 73121, $5.8, $5.81, $5.65
08/10/2018, $5.79, 61009, $5.86, $5.88, $5.751
08/09/2018, $5.88, 52925, $5.85, $5.96, $5.81
08/08/2018, $5.83, 35028, $5.95, $5.95, $5.82
08/07/2018, $5.95, 146618, $5.92, $6.04, $5.87
08/06/2018, $5.97, 172159, $5.93, $6.03, $5.79
08/03/2018, $5.89, 31222, $5.84, $5.92, $5.76
08/02/2018, $5.85, 157659, $6.06, $6.06, $5.79
08/01/2018, $6.02, 260742, $5.7, $6.08, $5.7
07/31/2018, $5.68, 138901, $5.65, $5.72, $5.6
07/30/2018, $5.61, 135453, $5.78, $5.8, $5.57
07/27/2018, $5.77, 120122, $5.94, $5.94, $5.75
07/26/2018, $5.89, 170383, $6.17, $6.17, $5.85
07/25/2018, $6.17, 260270, $5.95, $6.2, $5.8
07/24/2018, $6, 186586, $6.22, $6.325, $5.93
07/23/2018, $6.21, 143108, $6.4, $6.5, $6.1
07/20/2018, $6.45, 355012, $6.44, $6.665, $6.4
07/19/2018, $6.21, 58291, $6.14, $6.25, $6.03
07/18/2018, $6.14, 197140, $6.18, $6.22, $6.0175
07/17/2018, $6.14, 136797, $6.25, $6.26, $6.05
07/16/2018, $6.25, 243283, $6.28, $6.3, $6.12
07/13/2018, $6.26, 264421, $6.01, $6.39, $6
07/12/2018, $6.06, 182174, $6.03, $6.1499, $5.935
07/11/2018, $6.01, 313094, $5.98, $6.03, $5.9
07/10/2018, $5.93, 453824, $5.98, $6.16, $5.89
07/09/2018, $5.96, 428847, $5.85, $5.9832, $5.8
07/06/2018, $5.75, 267394, $5.61, $5.81, $5.535
07/05/2018, $5.6, 157171, $5.51, $5.7, $5.39
07/03/2018, $5.46, 188136, $5.45, $5.79, $5.35
07/02/2018, $5.43, 357963, $5.29, $5.54, $5.08
06/29/2018, $5.36, 449647, $5.11, $5.47, $5
06/28/2018, $5.14, 338987, $5.51, $5.595, $5.12
06/27/2018, $5.48, 816872, $5.61, $5.6496, $5.2931
06/26/2018, $5.6, 557655, $5.85, $5.88, $5.59
06/25/2018, $5.825, 350797, $5.85, $6.05, $5.7631
06/22/2018, $5.83, 3775253, $6.05, $6.19, $5.515
06/21/2018, $6.35, 876296, $6.58, $6.66, $6
06/20/2018, $7.17, 144034, $7.25, $7.46, $7.12
06/19/2018, $7.21, 3300162, $6.76, $7.55, $6.76
06/18/2018, $6.76, 42199, $6.7, $6.88, $6.7
06/15/2018, $6.68, 442842, $6.92, $7, $6.48
06/14/2018, $6.9, 169673, $7.19, $7.5, $6.82
06/13/2018, $7.18, 148243, $7.5, $7.56, $7.15
06/12/2018, $7.5, 219421, $7.38, $7.64, $7.11
06/11/2018, $7.64, 219138, $7.49, $7.75, $7.49
06/08/2018, $7.5, 83587, $7.42, $7.65, $7.32
06/07/2018, $7.35, 38526, $7.39, $7.4299, $7.32
06/06/2018, $7.36, 89440, $7.4, $7.46, $7.32
06/05/2018, $7.37, 45210, $7.3, $7.43, $7.16
06/04/2018, $7.3, 117558, $7.6, $7.61, $7.25
06/01/2018, $7.56, 58845, $7.59, $7.7, $7.48
05/31/2018, $7.54, 73105, $7.31, $7.67, $7.31
05/30/2018, $7.3, 87127, $7.6, $7.6046, $7.27
05/29/2018, $7.58, 106490, $7.67, $7.7499, $7.54
05/25/2018, $7.63, 78088, $7.37, $7.72, $7.37
05/24/2018, $7.34, 108791, $7.24, $7.37, $7.24
05/23/2018, $7.25, 91739, $7.14, $7.33, $7.07
05/22/2018, $7.1, 38210, $7.05, $7.12, $6.96
05/21/2018, $6.99, 189261, $7.12, $7.215, $6.82
05/18/2018, $7.12, 66949, $7.23, $7.245, $7.04
05/17/2018, $7.25, 79961, $7.26, $7.3361, $7.16
05/16/2018, $7.26, 127768, $7.58, $7.6, $7.16
05/15/2018, $7.53, 171128, $7.4, $7.59, $7.34
05/14/2018, $7.44, 183070, $7.35, $7.48, $7.14
05/11/2018, $7.39, 155911, $7.42, $7.45, $7.35
05/10/2018, $7.38, 156820, $7.65, $7.65, $7.31
05/09/2018, $7.61, 113624, $7.82, $7.84, $7.57
05/08/2018, $7.74, 64752, $7.79, $7.79, $7.64
05/07/2018, $7.68, 81930, $7.64, $7.82, $7.6001
05/04/2018, $7.6, 74194, $7.61, $7.66, $7.52
05/03/2018, $7.63, 147162, $7.77, $7.8, $7.62
05/02/2018, $7.75, 56613, $7.7, $7.85, $7.5801
05/01/2018, $7.7, 145190, $7.66, $7.83, $7.55
04/30/2018, $7.7, 67649, $7.57, $7.7784, $7.5
04/27/2018, $7.51, 107512, $7.76, $7.82, $7.46
04/26/2018, $7.75, 80812, $7.83, $7.88, $7.64
04/25/2018, $7.88, 157605, $8, $8.16, $7.71
04/24/2018, $8.03, 282528, $7.9, $8.11, $7.87
04/23/2018, $7.9, 338092, $7.62, $8.08, $7.521
04/20/2018, $7.62, 167259, $7.58, $7.87, $7.58
04/19/2018, $7.58, 137945, $7.51, $7.69, $7.5
04/18/2018, $7.51, 157989, $7.3, $7.53, $7.11
04/17/2018, $7.27, 115361, $7.4, $7.44, $7.19
04/16/2018, $7.31, 84292, $7.39, $7.39, $7.11
04/13/2018, $7.34, 96262, $7.25, $7.38, $7.19
04/12/2018, $7.25, 99375, $7.45, $7.46, $7.0601
04/11/2018, $7.32, 209687, $7.01, $7.49, $7
04/10/2018, $7.03, 177587, $6.86, $7.1, $6.63
04/09/2018, $6.79, 148144, $6.97, $6.97, $6.72
04/06/2018, $6.89, 336795, $7.44, $7.44, $6.8
04/05/2018, $7.31, 369206, $6.89, $7.4, $6.89
04/04/2018, $6.83, 150954, $6.6, $6.9, $6.49
04/03/2018, $6.65, 101604, $6.62, $6.71, $6.34
04/02/2018, $6.62, 279708, $6.65, $6.71, $6.35
03/29/2018, $6.61, 386297, $6.05, $6.66, $5.63
03/28/2018, $6.01, 329012, $6.25, $6.49, $5.93
03/27/2018, $6.27, 246412, $6.38, $6.6204, $6.2
03/26/2018, $6.46, 294771, $6.65, $6.74, $6.3011
03/23/2018, $6.62, 104103, $6.66, $6.74, $6.6
03/22/2018, $6.67, 136264, $6.65, $6.95, $6.64
03/21/2018, $6.71, 80091, $6.8, $6.91, $6.62
03/20/2018, $6.81, 190264, $6.7, $6.89, $6.63
03/19/2018, $6.73, 254975, $6.87, $6.9721, $6.61
03/16/2018, $7, 550513, $6.99, $7.09, $6.8305
03/15/2018, $7, 131624, $7.25, $7.3425, $6.95
03/14/2018, $7.23, 348511, $7.3, $7.4422, $7.03
03/13/2018, $7.25, 588255, $7.2, $7.97, $7.2
03/12/2018, $7.2, 609554, $7.06, $7.35, $6.91
03/09/2018, $6.98, 184475, $6.97, $7.02, $6.77
03/08/2018, $6.92, 158801, $7.12, $7.15, $6.85
03/07/2018, $7.02, 120235, $7.2, $7.25, $7
03/06/2018, $7.19, 94058, $7.15, $7.28, $7.1
03/05/2018, $7.14, 187156, $7.15, $7.29, $7.05
03/02/2018, $7.09, 163817, $7.14, $7.1775, $7.0365
03/01/2018, $7.05, 220956, $6.8, $7.16, $6.7
02/28/2018, $6.8, 177728, $6.91, $7.16, $6.76
02/27/2018, $6.85, 273535, $7.01, $7.0301, $6.8001
02/26/2018, $7.04, 147550, $7.05, $7.2101, $6.99
02/23/2018, $7.03, 305946, $7.38, $7.38, $6.901
02/22/2018, $7.37, 146344, $7.59, $7.66, $7.27
02/21/2018, $7.56, 98015, $7.85, $7.97, $7.5001
02/20/2018, $7.81, 164418, $7.45, $7.98, $7.45
02/16/2018, $7.45, 114373, $7.67, $7.75, $7.38
02/15/2018, $7.72, 238528, $7.55, $7.95, $7.35
02/14/2018, $7.5, 147687, $7.33, $7.74, $7.31
02/13/2018, $7.35, 188106, $7.29, $7.46, $7.03
02/12/2018, $7.29, 187726, $7.29, $7.48, $7.01
02/09/2018, $7.2, 206904, $7.5, $7.599, $6.87
02/08/2018, $7.4, 204098, $7.91, $8.0199, $7.37
02/07/2018, $7.86, 443093, $7.15, $8.19, $7.15
02/06/2018, $7.03, 512731, $6.88, $7.33, $6.54
02/05/2018, $7.01, 376193, $6.7, $7.22, $6.7
02/02/2018, $6.67, 176375, $6.94, $7.02, $6.61
02/01/2018, $6.93, 462562, $6.59, $7.1, $6.52
01/31/2018, $6.63, 550179, $6.95, $6.95, $6.44
01/30/2018, $7.03, 373635, $7.45, $7.45, $6.81
01/29/2018, $6.95, 342419, $7.11, $7.23, $6.8
01/26/2018, $7.12, 293646, $6.81, $7.4, $6.81
01/25/2018, $6.79, 121356, $6.8, $6.98, $6.78
01/24/2018, $6.76, 77715, $6.85, $6.92, $6.61
01/23/2018, $6.79, 75921, $6.72, $6.85, $6.7
01/22/2018, $6.77, 262056, $6.83, $6.9, $6.72
01/19/2018, $6.88, 146426, $6.96, $7.06, $6.72
01/18/2018, $6.79, 97251, $6.82, $6.91, $6.55
01/17/2018, $6.82, 161705, $6.81, $7.04, $6.6043
01/16/2018, $6.89, 156265, $7.29, $7.34, $6.84
01/12/2018, $7.24, 65525, $7.27, $7.36, $7.12
01/11/2018, $7.26, 192774, $7.2, $7.37, $7.103
01/10/2018, $7.25, 215482, $7.13, $7.3605, $7.04
01/09/2018, $7.17, 100734, $7.27, $7.29, $7.07
01/08/2018, $7.23, 123668, $7.28, $7.44, $7.2
01/05/2018, $7.29, 290066, $7.33, $7.48, $7.2714
01/04/2018, $7.29, 94093, $7.3, $7.35, $7.15
01/03/2018, $7.28, 90603, $7.44, $7.55, $7.25
01/02/2018, $7.38, 132789, $7.5, $7.71, $7.32
12/29/2017, $7.48, 223666, $7.7, $7.97, $7.3
12/28/2017, $7.71, 160023, $7.91, $8.04, $7.65
12/27/2017, $7.99, 54054, $8.09, $8.22, $7.91
12/26/2017, $8.08, 67392, $8.15, $8.15, $7.94
12/22/2017, $8.12, 72360, $8.16, $8.3, $8.08
12/21/2017, $8.16, 96918, $7.8, $8.29, $7.8
12/20/2017, $7.8, 261467, $7.9, $7.91, $7.59
12/19/2017, $7.9, 103828, $8.13, $8.13, $7.85
12/18/2017, $8.13, 78448, $8.16, $8.205, $8.08
12/15/2017, $8.15, 162386, $8.09, $8.2, $8
12/14/2017, $8.07, 113221, $8.16, $8.17, $7.82
12/13/2017, $8.16, 112250, $8.17, $8.2701, $8.115
12/12/2017, $8.17, 443605, $8.21, $8.3, $8.06
12/11/2017, $8.18, 108911, $8.33, $8.34, $8.0981
12/08/2017, $8.26, 108417, $8.45, $8.48, $8.21
12/07/2017, $8.38, 99005, $8.47, $8.5188, $8.26
12/06/2017, $8.44, 179626, $8.96, $8.96, $8.27
12/05/2017, $8.91, 46171, $8.87, $9, $8.85
12/04/2017, $8.85, 77059, $9.12, $9.12, $8.8
12/01/2017, $8.89, 116287, $9, $9.1, $8.73
11/30/2017, $8.87, 168379, $8.65, $9.0365, $8.4
11/29/2017, $8.6, 68190, $8.82, $8.85, $8.5
11/28/2017, $8.78, 36456, $8.9, $8.99, $8.7
11/27/2017, $8.88, 63103, $9.17, $9.335, $8.82
11/24/2017, $9.16, 53992, $8.94, $9.2, $8.88
11/22/2017, $8.87, 76343, $8.98, $9.21, $8.8
11/21/2017, $8.95, 265500, $8.7, $9.17, $8.7
11/20/2017, $8.61, 78615, $8.33, $8.72, $8.21
11/17/2017, $8.36, 87881, $8.67, $8.7225, $8.31
11/16/2017, $8.63, 37769, $8.64, $8.74, $8.54
11/15/2017, $8.61, 65724, $8.84, $8.84, $8.43
11/14/2017, $8.87, 287172, $9.1, $9.1, $8.4181
11/13/2017, $8.05, 90377, $8.11, $8.2, $7.81
11/10/2017, $8.1, 34798, $8.14, $8.31, $8.03
11/09/2017, $8.12, 92222, $7.95, $8.33, $7.86
11/08/2017, $7.95, 167370, $8.17, $8.17, $7.85
11/07/2017, $8.17, 98421, $8.36, $8.9132, $8.08
11/06/2017, $8.36, 88730, $8.33, $8.44, $8.11
11/03/2017, $8.19, 86661, $8.18, $8.36, $8.01
11/02/2017, $8.2, 119268, $8.55, $8.65, $8.05
11/01/2017, $8.55, 175676, $8.85, $8.85, $8.49
10/31/2017, $8.8, 71209, $8.58, $8.9909, $8.44
10/30/2017, $8.58, 50107, $8.62, $8.87, $8.51
10/27/2017, $8.57, 64097, $8.49, $8.78, $8.49
10/26/2017, $8.48, 157076, $8.65, $8.85, $8.44
10/25/2017, $8.6, 279669, $9.2, $9.52, $8.42
10/24/2017, $9.23, 120235, $9.33, $9.4, $9.17
10/23/2017, $9.32, 174378, $9.59, $9.68, $9.21
10/20/2017, $9.55, 131735, $9.31, $9.65, $9.27
10/19/2017, $9.31, 171409, $9.78, $9.78, $9.17
10/18/2017, $9.841, 83692, $10.03, $10.1561, $9.82
10/17/2017, $10, 60675, $10.05, $10.16, $9.94
10/16/2017, $10.05, 61444, $10.21, $10.21, $10.01
10/13/2017, $10.21, 92588, $10.36, $10.36, $10.1
10/12/2017, $10.35, 298435, $10.4, $10.59, $10.11
10/11/2017, $10.4, 94168, $10.51, $10.88, $10.25
10/10/2017, $10.58, 137982, $10.8, $11.0558, $10.41
10/09/2017, $10.77, 98684, $11.22, $11.22, $10.57
10/06/2017, $11.13, 161367, $11.01, $11.2858, $10.94
10/05/2017, $11.1, 101011, $11.33, $11.425, $10.55
10/04/2017, $11.29, 169312, $11.4, $11.71, $11.05
10/03/2017, $11.37, 66783, $11.25, $11.6, $11.2
10/02/2017, $11.25, 70474, $10.94, $11.31, $10.91
09/29/2017, $10.83, 115512, $10.93, $10.95, $10.77
09/28/2017, $10.93, 88327, $10.94, $11.0088, $10.82
09/27/2017, $10.94, 219625, $11.35, $11.35, $10.8
09/26/2017, $11.29, 92880, $11.29, $11.43, $11.16
09/25/2017, $11.28, 127692, $11.5, $11.59, $11.05
09/22/2017, $11.45, 188941, $11.59, $11.59, $11.13
09/21/2017, $11.64, 269973, $11.81, $12.06, $11.6
09/20/2017, $11.83, 236167, $11.97, $12, $11.589
09/19/2017, $11.98, 452901, $11.79, $12.17, $11.79
09/18/2017, $11.75, 329164, $11.6, $11.94, $11.52
09/15/2017, $11.4, 532773, $11.21, $11.89, $11.21
09/14/2017, $11.28, 267935, $11.03, $11.39, $11
09/13/2017, $11, 227532, $10.95, $11, $10.91
09/12/2017, $11, 107160, $10.95, $11.19, $10.8108
09/11/2017, $10.99, 180611, $10.93, $11.19, $10.87
09/08/2017, $10.77, 91072, $10.63, $10.85, $10.63
09/07/2017, $10.75, 129578, $10.78, $10.84, $10.62
09/06/2017, $10.55, 167545, $10.4, $10.72, $10.345
09/05/2017, $10.34, 181748, $10.44, $10.5572, $10.3
09/01/2017, $10.38, 75351, $10.25, $10.46, $10.25
08/31/2017, $10.27, 107112, $10.2, $10.35, $10.1
08/30/2017, $10.15, 92445, $10.2, $10.2, $10.11
08/29/2017, $10.13, 244394, $10.17, $10.2, $10.01
08/28/2017, $10.06, 310972, $9.9, $10.36, $9.805
08/25/2017, $9.8, 64475, $9.76, $9.88, $9.71
08/24/2017, $9.71, 69926, $9.6707, $9.8196, $9.6
08/23/2017, $9.59, 103293, $9.87, $9.95, $9.5501
08/22/2017, $9.73, 58481, $9.5, $9.95, $9.5
08/21/2017, $9.51, 74961, $9.9, $9.91, $9.5
08/18/2017, $9.86, 35675, $9.89, $9.98, $9.83
08/17/2017, $9.86, 85480, $9.87, $10.04, $9.8
08/16/2017, $9.97, 37275, $10.0939, $10.1298, $9.89
08/15/2017, $9.98, 93347, $9.8, $10.22, $9.8
08/14/2017, $9.74, 116997, $9.5, $9.94, $9.5
08/11/2017, $9.5, 111585, $9.67, $10.1995, $9.5
08/10/2017, $9.71, 155370, $10.25, $10.25, $9.61
08/09/2017, $10.22, 210571, $10.8, $10.96, $10
08/08/2017, $10.79, 166154, $10.62, $11.01, $10.62
08/07/2017, $10.66, 223575, $10.51, $10.79, $10.3
08/04/2017, $10.3, 122431, $10.46, $10.8364, $10.21
08/03/2017, $10.39, 51822, $11.0158, $11.0158, $10.36
08/02/2017, $10.64, 116572, $10.77, $11.09, $10.55
08/01/2017, $10.79, 65321, $11.08, $11.16, $10.74
07/31/2017, $10.98, 52767, $10.98, $11.28, $10.9728
07/28/2017, $10.97, 78965, $10.98, $11.2282, $10.7
07/27/2017, $10.84, 158042, $11.53, $11.6199, $10.75
07/26/2017, $11.5, 103074, $11.49, $11.55, $11.31
07/25/2017, $11.48, 75405, $11.69, $11.69, $11.4
07/24/2017, $11.49, 226340, $11.95, $11.96, $11.27
07/21/2017, $11.03, 116836, $11.26, $11.42, $10.94
07/20/2017, $11.35, 49673, $11.41, $11.4816, $11.2101
07/19/2017, $11.37, 116291, $11.36, $11.64, $11
07/18/2017, $11.38, 153592, $11.73, $11.83, $11.26
07/17/2017, $11.67, 85389, $12, $12.09, $11.6301
07/14/2017, $11.99, 111387, $12.02, $12.27, $11.7671
07/13/2017, $11.93, 239798, $12.35, $12.43, $11.7
07/12/2017, $12.23, 194224, $12.84, $12.85, $12.1
07/11/2017, $12.27, 327401, $12.39, $12.78, $12.19
07/10/2017, $12.12, 404333, $11.64, $12.19, $11.51
07/07/2017, $11.46, 87797, $11.36, $11.59, $11.35
07/06/2017, $11.28, 87120, $11.42, $11.59, $11.1848
07/05/2017, $11.38, 139851, $11.65, $11.69, $11.35
07/03/2017, $11.42, 361116, $11.34, $12.28, $11.05
06/30/2017, $11.245, 304880, $11.02, $11.39, $10.99
06/29/2017, $10.85, 313270, $10.98, $11.2999, $10.75
06/28/2017, $10.84, 229564, $10.674, $10.94, $10.61
06/27/2017, $10.5, 41453, $10.39, $10.779, $10.38
06/26/2017, $10.42, 41300, $10.39, $10.55, $10.33
06/23/2017, $10.27, 81966, $10.5, $10.6825, $10.16
06/22/2017, $10.51, 92709, $10.7, $10.949, $10.27
06/21/2017, $10.77, 195392, $10.6, $10.99, $10.45
06/20/2017, $10.6, 65209, $10.72, $10.7499, $10.42
06/19/2017, $10.6, 105455, $10.87, $11.05, $10.57
06/16/2017, $10.78, 94568, $10.85, $10.9, $10.52
06/15/2017, $10.66, 324269, $10.89, $11.25, $10.49
06/14/2017, $10.32, 28573, $10.49, $10.8, $10.3
06/13/2017, $10.55, 35993, $10.5, $10.899, $10.32
06/12/2017, $10.43, 110758, $10.97, $11.01, $10.0501
06/09/2017, $10.79, 213904, $10.59, $11.2, $10.5358
06/08/2017, $10.41, 281490, $9.98, $10.42, $9.96
06/07/2017, $9.92, 239174, $9.5, $10.41, $9.45
06/06/2017, $9.4, 70814, $9.37, $9.6, $9.35
06/05/2017, $9.33, 275996, $9.28, $9.44, $9.2401
06/02/2017, $9.28, 61146, $9.256, $9.34, $9.21
06/01/2017, $9.15, 35544, $9.17, $9.33, $9.11
05/31/2017, $9.16, 4110, $9.19, $9.25, $9.07
05/30/2017, $9.19, 3943, $9.212, $9.24, $9.1
05/26/2017, $9.09, 30709, $9.21, $9.2304, $9.0501
05/25/2017, $9.14, 28285, $9.21, $9.28, $9.1
05/24/2017, $9.21, 87019, $9.3, $9.35, $9.05
05/23/2017, $9.34, 39627, $9.28, $9.37, $9.21
05/22/2017, $9.21, 54756, $9.09, $9.3153, $9.06
05/19/2017, $9.1, 22898, $9.257, $9.33, $9.07
05/18/2017, $9.23, 61777, $9.5, $9.54, $9.02
05/17/2017, $9.34, 151266, $9.43, $9.6228, $9.22
05/16/2017, $9.3608, 125636, $9.42, $9.69, $9.35
05/15/2017, $9.32, 31176, $9.3, $9.3982, $9.27
05/12/2017, $9.26, 13307, $9.38, $9.4, $9.26
05/11/2017, $9.4, 13504, $9.54, $9.54, $9.3835
05/10/2017, $9.5, 24458, $9.3898, $9.5336, $9.3
05/09/2017, $9.4049, 26833, $9.45, $9.51, $9.31
05/08/2017, $9.45, 29488, $9.411, $9.4905, $9.3805
05/05/2017, $9.35, 39896, $9.4794, $9.5218, $9.33
05/04/2017, $9.46, 53067, $9.68, $9.6889, $9.4
05/03/2017, $9.53, 61712, $9.387, $9.69, $9.316
05/02/2017, $9.27, 103301, $9.25, $9.48, $9.18
05/01/2017, $9.1126, 140189, $9.1846, $9.4, $9.11
04/28/2017, $9.13, 45175, $9.243, $9.29, $9.04
04/27/2017, $9.16, 11331, $9.21, $9.25, $9.12
04/26/2017, $9.2, 28175, $9.243, $9.29, $9.19
04/25/2017, $9.2, 19891, $9.21, $9.29, $9.14
04/24/2017, $9.24, 19263, $9.28, $9.4092, $9.15
04/21/2017, $9.24, 22437, $9.403, $9.426, $9.21
04/20/2017, $9.34, 26034, $9.31, $9.4, $9.27
04/19/2017, $9.28, 42518, $9.53, $9.53, $9.22
04/18/2017, $9.33, 120386, $9.6304, $9.6304, $9.25
04/17/2017, $9.65, 224398, $9.44, $9.9701, $9.4
04/13/2017, $9.4028, 35297, $9.43, $9.5, $9.29
04/12/2017, $9.45, 42123, $9.45, $9.51, $9.43
04/11/2017, $9.48, 13064, $9.5, $9.5671, $9.45
04/10/2017, $9.5, 22092, $9.5, $9.55, $9.4608
04/07/2017, $9.52, 14858, $9.58, $9.6223, $9.5
04/06/2017, $9.63, 47622, $9.51, $9.6704, $9.5
04/05/2017, $9.55, 37629, $9.62, $9.79, $9.5
04/04/2017, $9.64, 23290, $9.71, $9.77, $9.6
04/03/2017, $9.72, 36050, $9.6196, $9.73, $9.4601
03/31/2017, $9.5, 88004, $9.52, $9.69, $9.49
03/30/2017, $9.48, 60559, $9.55, $9.64, $9.3745
03/29/2017, $9.4, 46770, $9.35, $9.5, $9.35
03/28/2017, $9.3775, 31910, $9.5203, $9.5203, $9.367
03/27/2017, $9.39, 38275, $9.5, $9.5399, $9.37
03/24/2017, $9.36, 48443, $9.69, $9.69, $9.31
03/23/2017, $9.49, 100973, $9.33, $9.586, $9.2301
03/22/2017, $9.3, 59790, $9.02, $9.37, $8.9999
03/21/2017, $9.15, 51880, $8.97, $9.245, $8.85
03/20/2017, $8.96, 108819, $8.89, $9.2, $8.65
03/17/2017, $8.7, 108651, $8.56, $8.79, $8.56
03/16/2017, $8.5499, 31357, $8.6, $8.68, $8.49
03/15/2017, $8.45, 11231, $8.435, $8.4522, $8.25
03/14/2017, $8.44, 23064, $8.6, $8.603, $8.3
03/13/2017, $8.43, 11816, $8.59, $8.59, $8.4001
03/10/2017, $8.38, 15615, $8.29, $8.47, $8.2766
03/09/2017, $8.24, 30043, $8.3, $8.4, $8.11
03/08/2017, $8.19, 55488, $7.9, $8.4648, $7.79
03/07/2017, $7.88, 46500, $8.05, $8.05, $7.71
03/06/2017, $8, 11400, $8.1, $8.12, $7.99
03/03/2017, $8.14, 10995, $8.24, $8.25, $8
03/02/2017, $8.15, 10897, $8.33, $8.4, $8.15
03/01/2017, $8.39, 24080, $8.59, $8.59, $8.37
02/28/2017, $8.5, 15468, $8.44, $8.58, $8.4399
02/27/2017, $8.39, 11860, $8.38, $8.45, $8.35
02/24/2017, $8.33, 5461, $8.515, $8.5705, $8.27
02/23/2017, $8.455, 11280, $8.61, $8.61, $8.4
02/22/2017, $8.5, 4607, $8.58, $8.65, $8.4657
02/21/2017, $8.62, 11350, $8.99, $8.99, $8.51
02/17/2017, $8.87, 8593, $9.2, $9.2, $8.8
02/16/2017, $8.79, 12850, $9, $9.1, $8.51
02/15/2017, $9.08, 6954, $9.39, $9.39, $9
02/14/2017, $9.14, 3000, $9.17, $9.19, $9.1
02/13/2017, $9.23, 1614, $9.33, $9.3399, $9.11
02/10/2017, $9.27, 170, $9.27, $9.27, $9.27
02/09/2017, $9.3, 6068, $9.49, $9.49, $9.11
02/08/2017, $9.2499, 10666, $9.35, $9.35, $9.24
02/07/2017, $9.35, 7270, $9.37, $9.44, $9.21
02/06/2017, $9.33, 67732, $9.6601, $9.7339, $9.28
02/03/2017, $9.84, 64628, $9.73, $9.8699, $9.7162
02/02/2017, $9.715, 72119, $9.749, $9.9492, $9.7
02/01/2017, $9.8, 66310, $9.935, $10, $9.795
01/31/2017, $9.76, 18873, $9.8392, $9.8392, $9.6892
01/30/2017, $9.8, 11114, $9.84, $9.85, $9.78
01/27/2017, $9.84, 11179, $9.85, $9.9194, $9.7993
01/26/2017, $9.7964, 10230, $10, $10, $9.6812
01/25/2017, $9.9, 82028, $9.86, $10.679, $9.75
01/24/2017, $9.8774, 30000, $9.92, $9.95, $9.85
01/23/2017, $9.91, 21630, $9.62, $9.95, $9.62
01/20/2017, $9.7, 6700, $9.69, $9.74, $9.6083
01/19/2017, $9.49, 2400, $9.69, $9.69, $9.48
01/18/2017, $9.53, 6279, $9.65, $9.68, $9.53
01/17/2017, $9.6, 11400, $9.69, $9.74, $9.6
01/13/2017, $9.6, 6780, $9.7, $9.74, $9.6
01/12/2017, $9.61, 850, $9.7035, $9.7054, $9.61
01/11/2017, $9.66, 1175, $9.694, $9.75, $9.66
01/10/2017, $9.61, 1330, $9.65, $9.65, $9.6
01/09/2017, $9.72, N/A, $9.72, $9.72, $9.72
01/06/2017, $9.72, 2500, $9.69, $9.7912, $9.69
01/05/2017, $9.5, 8294, $9.5724, $9.6, $9.4195
01/04/2017, $9.69, 6550, $9.35, $9.69, $9.35
01/03/2017, $9.35, 4950, $9.15, $9.35, $9.1
12/30/2016, $9.35, 3100, $9.2, $9.35, $9.2
12/29/2016, $9.35, 18000, $9.4, $9.4, $8.55
12/28/2016, $9.72, 3801, $9.84, $9.84, $9.46
12/27/2016, $9.85, N/A, $9.85, $9.85, $9.85
12/23/2016, $9.85, 1300, $9.84, $9.85, $9.84
12/22/2016, $9.9, 2010, $9.9, $9.9, $9.9
12/21/2016, $9.95, 19869, $10, $10, $9.85
12/20/2016, $10, 9648, $10, $10.15, $8.3954
12/19/2016, $10, 400, $10, $10, $10
